910 2690
566 194
255 41
718 324
39 70
496 712
448 422
786 534
36 661
38 463
741 867
123 725
628 430
785 832
346 835
221 235
593 450
525 499
750 695
328 207
91 573
227 45
370 534
149 80
409 771
691 222
13 811
380 786
1 803
736 501
542 509
784 598
862 778
713 785
273 652
218 714
592 537
721 270
484 167
175 727
591 394
244 426
67 281
268 528
141 518
14 84
333 204
581 363
11 72
397 570
453 248
570 770
553 202
185 480
706 271
521 243
585 249
86 469
54 217
160 895
42 753
811 389
189 894
779 265
822 804
894 657
416 560
438 102
739 314
89 774
284 709
315 777
880 196
205 323
374 9
30 368
106 449
345 655
878 649
402 340
584 154
156 320
857 581
623 256
348 515
166 404
499 460
561 780
857 328
839 706
680 772
667 14
133 299
798 59
711 572
371 618
708 875
656 369
414 1
888 720
368 799
294 188
558 530
228 891
856 633
677 629
695 748
19 119
223 544
298 649
189 315
617 416
214 888
506 417
434 386
507 856
162 200
4 112
851 716
321 28
302 46
380 711
114 32
276 823
903 608
61 413
135 65
871 428
546 488
677 749
825 90
627 239
898 429
644 652
762 365
563 884
124 307
379 61
179 639
517 133
130 137
245 706
514 502
696 397
103 373
892 785
894 64
752 287
328 97
789 220
666 348
794 322
334 187
134 308
743 158
123 235
103 458
565 427
220 249
545 256
665 471
132 285
685 289
855 664
154 302
791 490
266 10
151 785
141 890
18 164
255 410
735 305
902 555
443 772
517 377
377 725
726 402
415 161
515 271
188 637
526 312
92 660
74 187
244 658
210 811
711 110
313 755
261 493
121 672
571 680
20 719
495 474
578 570
443 791
472 657
126 436
419 171
494 603
847 171
99 41
279 224
156 507
82 707
158 281
325 535
469 722
279 640
787 440
610 790
25 770
335 371
501 103
123 86
696 585
363 138
811 776
190 343
103 734
786 348
398 245
368 537
59 482
159 146
175 43
200 65
14 695
645 696
575 209
99 191
219 220
76 8
189 828
689 646
338 777
727 753
525 622
566 175
145 468
825 231
699 839
442 638
294 759
133 789
814 102
216 757
216 298
894 237
414 774
879 86
848 266
688 163
762 182
727 2
415 470
382 714
771 70
496 121
205 457
794 237
668 428
392 698
504 596
550 93
754 47
59 652
408 463
857 761
672 624
765 98
215 1
362 567
53 716
94 423
65 163
139 555
157 136
506 538
103 716
125 703
515 363
518 724
210 892
245 592
89 407
81 745
650 337
761 127
428 167
144 417
789 447
493 605
188 397
652 572
563 235
859 417
751 887
238 798
22 433
315 620
248 463
16 719
553 671
677 44
409 861
194 733
314 226
775 51
726 797
732 602
268 349
620 650
364 745
552 634
94 518
165 638
155 859
652 571
898 192
863 342
900 313
171 526
91 36
194 475
251 867
870 24
490 383
92 809
687 853
543 143
251 263
52 231
786 6
613 503
667 892
69 511
863 883
368 739
862 110
167 327
767 377
415 660
880 536
683 294
258 871
67 760
138 324
708 584
512 601
342 401
201 316
296 382
833 137
389 32
718 468
263 523
219 733
515 495
220 383
892 492
22 567
634 506
85 354
771 594
57 334
610 204
23 902
575 623
464 668
689 826
602 523
354 634
298 721
430 165
414 35
897 27
898 500
285 688
410 650
140 535
168 856
392 97
653 889
195 33
468 129
343 233
454 436
833 679
595 576
543 895
504 377
345 699
128 223
699 168
847 622
98 187
374 84
358 178
360 738
548 403
555 124
596 23
104 861
230 120
776 326
732 794
258 263
852 569
343 771
195 439
255 847
290 321
609 434
522 475
705 284
322 411
12 822
324 427
364 463
419 505
626 197
304 354
692 293
182 786
862 144
137 838
463 346
835 856
172 540
574 617
24 133
479 442
145 644
508 480
143 132
625 397
505 728
624 662
417 590
536 143
610 426
46 579
836 525
857 579
15 688
701 7
387 67
842 293
583 231
604 872
308 394
313 379
701 120
780 26
732 123
311 746
701 318
867 10
206 114
315 415
126 395
493 73
743 564
815 155
908 508
124 881
694 237
272 73
7 805
689 342
873 580
466 322
286 162
876 249
471 10
539 849
522 602
559 563
233 449
236 34
316 605
758 721
355 372
818 836
450 298
50 688
35 626
398 111
453 693
827 165
96 478
668 684
210 426
174 907
87 607
624 479
681 552
96 24
426 665
155 487
193 403
629 787
8 654
499 242
746 81
358 198
462 277
265 434
784 691
614 82
74 709
36 221
630 248
23 10
64 654
105 732
161 175
307 184
793 706
242 585
793 111
462 415
28 520
323 367
142 234
275 605
578 798
764 565
626 816
220 250
899 890
738 379
442 300
905 429
213 469
306 495
767 563
129 430
369 514
280 227
906 558
390 343
476 218
378 135
895 245
859 508
639 830
54 341
20 688
518 164
132 60
171 11
135 33
908 218
198 864
878 876
810 187
287 586
10 640
464 684
512 252
141 342
381 551
554 164
663 433
12 665
904 907
908 56
508 564
272 282
218 689
313 867
479 127
101 126
429 492
876 78
254 596
573 106
670 106
766 613
730 330
244 855
372 377
376 455
488 299
624 840
606 421
312 590
385 360
539 273
522 379
428 663
358 655
418 208
679 61
166 893
775 801
512 615
656 636
658 143
36 908
127 664
558 777
523 691
146 130
112 830
832 82
613 568
7 548
693 5
72 412
443 386
120 542
815 534
781 365
213 795
569 709
633 155
82 115
601 450
741 80
248 892
579 587
466 562
450 609
605 267
271 43
481 839
617 792
213 179
656 785
847 99
558 242
653 230
470 658
14 721
589 224
182 262
862 676
743 777
526 849
443 665
553 661
440 389
42 780
828 808
649 605
623 101
1 446
883 670
662 382
233 7
65 460
872 428
751 330
43 594
871 86
328 867
495 834
705 141
28 406
414 488
412 629
90 616
896 16
146 659
130 633
711 416
614 143
851 331
852 59
869 366
465 149
715 776
455 379
419 874
115 529
350 87
117 163
103 80
103 543
851 425
726 653
88 732
489 213
622 25
141 499
83 146
554 786
852 550
137 324
234 636
694 533
164 253
222 847
223 71
98 361
621 48
42 897
208 563
445 442
124 856
124 261
768 320
238 261
202 807
444 118
444 419
598 772
433 856
451 393
217 526
732 379
332 700
408 75
815 411
175 375
692 899
565 902
488 486
507 905
697 246
69 382
442 495
132 327
878 210
761 17
317 136
69 41
763 751
203 353
867 198
579 730
763 860
268 291
253 806
420 895
496 771
119 861
229 269
835 446
84 512
655 75
841 368
16 864
218 107
219 478
315 137
57 37
173 363
29 742
348 131
620 148
400 452
56 241
329 53
664 496
116 768
134 629
196 248
400 792
330 28
295 681
830 396
389 383
835 278
361 501
640 211
318 430
161 878
570 585
831 351
467 27
723 908
688 564
873 338
274 79
626 650
384 768
319 894
265 3
186 462
38 461
901 571
829 462
812 727
649 755
797 37
605 551
490 11
280 709
120 441
17 215
84 367
466 342
246 598
458 684
455 530
667 170
432 663
123 200
624 824
783 752
570 889
570 690
427 360
671 883
819 644
278 875
267 454
395 13
586 677
451 646
4 901
321 626
288 176
327 863
640 206
606 638
737 842
789 881
645 599
617 839
635 32
787 400
788 191
735 5
555 220
568 835
719 810
49 625
613 633
356 345
489 501
88 385
568 342
359 404
524 121
289 78
568 890
308 395
607 699
297 337
297 804
398 331
842 456
496 42
273 750
465 459
89 576
511 599
92 260
836 768
190 120
582 68
693 79
343 720
531 339
589 728
593 299
318 331
892 225
341 101
162 857
732 209
593 324
480 417
708 198
327 664
647 158
388 812
797 557
337 844
249 367
502 75
859 644
683 17
791 208
119 604
799 750
760 26
470 467
550 404
681 203
510 575
862 784
60 128
888 438
724 804
853 556
139 166
195 5
344 318
896 507
731 865
19 669
82 625
283 839
361 107
87 719
660 40
408 906
480 860
263 597
766 783
625 512
703 91
693 486
51 87
672 264
611 630
192 870
691 688
122 448
119 238
424 381
522 161
279 236
66 357
619 332
70 750
697 189
259 333
761 88
528 898
452 887
822 402
884 786
188 492
869 157
892 159
730 46
865 781
76 423
322 665
204 40
350 230
813 577
636 350
265 660
672 820
585 501
659 858
34 798
143 224
73 892
8 872
602 854
675 890
268 700
430 663
577 352
673 475
219 541
438 825
773 837
189 808
580 626
580 207
781 687
585 156
668 698
734 53
111 761
314 373
318 502
358 442
395 559
111 99
909 301
130 843
304 751
308 571
131 729
705 886
831 327
177 606
342 805
586 754
309 105
534 457
764 794
708 801
51 149
287 284
328 451
868 484
281 262
800 711
175 427
805 800
579 165
906 479
909 439
50 771
696 594
606 788
294 415
3 395
427 122
906 430
807 215
60 485
598 534
599 412
431 707
710 641
489 3
252 553
471 706
459 147
98 716
47 8
883 521
135 675
448 109
484 814
412 712
824 67
570 126
842 763
762 827
79 846
63 512
466 202
235 68
348 893
168 556
403 868
426 620
437 888
418 24
4 670
46 95
259 616
315 74
300 660
743 639
673 458
638 292
234 483
859 419
583 856
454 432
308 330
438 39
646 760
884 19
187 229
334 643
409 232
874 412
611 480
533 906
728 260
411 240
53 224
289 806
896 202
75 280
578 337
392 866
432 485
269 440
346 160
848 354
84 85
780 158
356 803
288 579
271 549
604 590
791 644
611 815
282 97
68 47
127 442
491 861
603 764
848 384
521 318
154 167
194 581
319 821
178 212
583 797
183 771
43 360
650 464
500 513
819 101
416 107
553 638
204 317
133 194
619 749
874 639
636 626
126 448
146 642
148 738
115 164
613 755
190 203
484 569
87 321
187 445
445 775
601 4
529 295
506 279
179 90
577 890
561 695
428 285
526 500
729 232
319 179
642 58
664 211
63 548
282 192
347 589
204 848
464 472
623 47
822 418
200 546
555 232
114 408
574 233
170 723
577 817
338 186
211 56
103 126
655 849
131 196
500 493
617 448
671 360
28 859
532 287
326 554
661 637
66 268
415 318
443 379
59 583
781 782
907 866
92 130
807 645
756 614
61 494
157 53
744 763
891 892
322 68
692 688
237 87
147 476
637 792
313 383
552 298
71 423
145 409
716 11
510 222
679 732
422 186
406 543
830 600
617 716
543 299
839 413
468 249
218 673
89 708
610 690
646 25
150 69
124 699
160 484
416 862
626 222
610 868
259 504
243 594
649 763
377 580
447 425
390 406
786 507
825 761
827 327
802 622
713 25
325 773
278 731
227 87
84 97
88 402
684 900
867 474
905 135
407 184
266 585
830 721
219 238
519 493
794 668
726 132
622 85
363 181
477 818
679 54
874 861
189 294
209 101
635 218
691 19
344 870
679 722
131 72
208 521
443 874
101 277
900 747
213 588
553 793
182 565
644 189
171 190
82 450
230 257
432 157
436 765
401 437
129 147
865 230
134 794
763 348
141 385
330 612
276 213
788 100
541 629
790 288
304 225
667 440
331 18
611 837
153 905
776 847
534 684
726 436
855 16
503 895
15 345
402 878
593 724
631 52
264 787
319 312
819 365
583 508
290 46
221 91
349 625
338 588
337 732
525 590
513 72
7 759
24 109
110 655
138 534
251 700
32 481
400 651
683 830
708 369
726 549
729 327
803 31
626 678
37 859
391 265
748 879
72 98
40 737
386 862
317 182
61 417
475 297
459 653
742 882
262 551
709 48
840 580
93 320
236 115
230 790
704 181
287 895
112 326
264 769
890 128
252 262
489 522
711 677
537 686
349 408
22 38
46 424
855 772
808 345
735 306
642 322
446 331
284 98
290 258
684 796
903 137
615 131
525 802
819 902
591 170
331 733
762 267
710 91
69 97
549 796
219 540
201 57
845 704
866 240
835 320
34 130
624 541
199 804
865 115
629 202
579 666
764 812
434 426
798 180
240 357
97 748
574 78
421 774
668 554
445 639
90 517
163 742
573 644
577 833
764 242
655 662
251 468
676 659
54 27
390 249
466 70
627 116
902 100
170 549
228 604
482 883
321 76
52 362
432 73
1 561
151 463
523 238
227 573
502 60
322 430
106 387
339 196
305 447
269 657
735 87
169 434
887 319
433 818
1 897
643 342
485 377
314 576
614 767
557 741
743 473
102 697
654 378
83 510
605 408
27 279
862 812
482 35
748 765
30 793
235 364
875 306
716 355
556 175
633 766
722 524
707 726
99 804
836 79
469 93
771 402
539 593
593 182
101 769
815 398
501 691
232 517
375 391
579 632
516 691
871 825
70 706
293 726
661 817
495 622
417 215
291 87
437 770
138 27
268 304
325 195
882 308
313 23
267 63
583 166
307 347
829 311
78 384
585 409
738 60
38 786
863 8
297 111
297 546
133 497
161 421
229 165
828 429
647 573
427 524
623 761
789 482
206 845
299 29
906 15
728 494
255 852
670 512
488 812
287 243
886 795
845 848
419 789
315 175
110 797
535 755
183 858
776 727
173 590
373 449
891 729
782 295
213 829
825 845
127 726
862 662
81 187
683 706
121 634
224 206
221 697
523 400
872 14
590 558
590 39
777 586
634 382
603 424
897 289
646 595
448 465
98 390
135 527
339 605
780 141
197 466
490 364
200 31
644 453
336 135
326 324
770 262
283 19
283 582
417 584
644 419
249 405
41 69
352 99
280 704
152 565
459 555
675 473
867 438
402 266
573 490
263 30
447 152
819 598
285 390
883 724
94 280
666 370
762 219
66 873
181 290
805 877
459 794
43 603
873 114
321 758
585 243
31 288
822 736
142 349
88 690
291 120
238 849
183 485
169 385
540 715
61 147
708 529
323 254
569 839
506 697
756 147
635 188
751 408
296 263
329 84
25 166
540 342
134 341
337 863
396 189
435 173
453 566
115 43
117 339
548 389
852 433
111 608
457 841
901 14
500 508
247 577
876 572
163 59
327 98
661 211
4 903
29 500
801 846
731 710
509 491
551 772
844 479
516 652
831 601
228 63
11 697
341 717
431 762
290 710
699 334
160 412
263 761
568 344
183 12
706 241
118 611
746 840
880 574
257 624
241 331
114 219
358 649
726 103
448 650
513 22
110 546
626 267
469 239
585 403
796 17
727 401
105 437
731 588
164 782
858 414
315 715
26 81
763 642
397 640
701 29
261 262
173 111
29 341
804 845
876 562
380 463
788 105
365 157
312 855
369 858
872 442
860 898
113 349
494 562
557 26
465 639
711 560
604 91
326 411
238 130
276 110
613 259
560 145
584 23
548 434
183 2
292 752
150 329
552 273
841 435
236 451
114 662
173 867
465 426
284 727
785 180
269 795
610 758
648 530
636 225
176 50
394 386
487 419
768 155
680 728
254 847
208 355
227 148
27 83
725 40
784 448
641 646
201 159
592 549
420 383
565 730
565 149
217 580
144 361
733 532
296 426
885 286
651 769
892 352
146 148
699 541
574 667
98 294
560 325
388 782
339 48
838 796
378 534
896 685
643 469
663 437
259 476
850 348
209 262
447 49
146 511
242 322
206 868
562 187
211 347
729 666
396 767
309 248
826 177
576 713
21 844
10 828
697 481
568 29
165 716
386 235
336 834
353 100
480 876
351 482
503 64
210 49
621 232
125 590
880 430
812 674
335 536
599 170
569 696
846 140
459 769
194 20
173 392
67 471
140 215
858 294
531 478
258 134
294 584
816 297
856 827
695 385
838 21
447 736
192 817
418 13
290 822
275 620
590 256
754 450
258 533
227 139
564 733
440 267
791 127
208 231
852 525
300 194
85 524
208 266
571 530
826 764
563 451
752 572
571 387
510 827
900 615
801 112
323 468
291 533
552 649
535 803
558 238
136 241
28 729
417 546
492 655
192 504
476 446
593 188
367 628
547 701
298 855
87 629
52 818
115 663
522 668
373 664
356 586
599 414
140 737
270 784
20 372
848 413
103 95
582 461
417 682
777 224
100 380
447 489
123 120
142 487
255 623
111 92
531 489
244 70
601 674
837 546
891 466
187 238
323 159
479 484
156 905
302 88
877 646
805 847
770 706
93 91
616 325
636 467
508 740
342 535
172 390
634 799
472 706
698 903
851 115
723 40
523 135
372 631
543 253
619 836
250 730
786 248
786 325
536 58
440 399
615 223
145 740
368 38
385 643
885 58
888 274
499 166
482 50
669 734
676 688
571 848
878 588
519 607
627 835
189 270
889 373
7 669
343 222
554 452
239 482
168 108
761 760
193 100
411 272
821 447
92 878
881 189
750 581
376 369
671 31
128 585
852 444
230 504
567 775
771 645
205 65
5 575
30 116
893 52
568 240
901 788
169 875
354 313
245 646
139 594
298 738
198 494
179 507
75 113
863 488
262 134
29 906
488 788
52 234
2 674
645 310
539 351
423 893
281 489
12 219
516 37
795 563
82 186
154 223
7 659
547 284
162 738
253 366
422 816
386 506
724 20
11 516
159 211
398 370
348 136
422 899
614 183
907 728
618 832
451 602
396 457
515 472
534 340
348 319
277 655
886 141
542 803
500 747
30 893
864 837
41 68
685 809
796 665
472 731
342 128
677 548
415 221
374 353
684 666
404 351
260 36
676 313
289 41
91 318
91 680
316 883
543 102
336 792
654 464
576 646
831 384
1 91
151 756
744 765
11 174
323 541
70 378
177 384
383 138
77 748
355 22
463 345
229 561
547 833
310 420
739 892
866 620
760 215
261 187
906 32
769 181
860 447
3 621
80 771
816 260
672 711
839 94
453 896
559 268
767 530
556 121
97 496
528 576
513 541
509 164
380 136
772 799
212 822
16 387
783 597
200 458
571 6
573 620
300 16
672 41
435 616
145 773
276 89
723 304
143 694
325 790
700 366
208 270
192 482
653 864
448 540
340 109
470 311
149 736
293 454
300 120
102 52
30 490
749 761
309 710
628 623
257 427
47 871
65 24
175 87
250 449
34 176
72 99
352 620
48 532
270 183
290 561
370 615
810 485
855 739
335 692
319 686
638 354
696 388
240 379
304 557
213 24
503 889
490 328
570 174
131 269
334 772
464 445
690 698
35 745
825 84
628 808
629 903
423 456
888 255
32 762
841 116
145 490
208 252
63 182
284 673
533 856
106 577
641 842
312 298
437 494
796 497
209 300
751 405
247 732
329 572
310 612
358 271
733 881
789 404
185 510
498 386
316 157
580 648
656 764
573 857
478 377
71 9
135 151
191 860
18 642
2 287
720 350
96 19
494 594
186 771
653 593
37 799
583 784
128 798
132 830
269 520
816 139
181 550
674 297
88 497
894 617
625 235
881 318
340 492
538 159
664 792
762 523
892 154
822 735
604 518
750 75
862 769
629 207
557 760
9 495
407 619
449 752
50 91
626 477
790 359
266 361
547 760
870 442
495 750
581 226
243 90
887 439
689 404
301 507
340 796
105 132
655 247
90 858
143 387
806 321
762 645
608 667
233 255
805 194
899 590
721 37
149 468
279 255
822 276
265 642
679 307
510 886
116 358
685 72
193 160
583 584
713 858
7 237
434 678
579 645
321 66
18 34
861 510
877 170
702 503
278 654
484 537
824 812
123 251
473 739
242 705
366 314
100 60
564 822
356 723
285 339
585 802
704 722
374 491
373 3
809 550
397 725
361 371
295 608
829 125
523 607
385 92
594 210
744 773
376 724
437 475
742 638
765 140
822 520
364 752
493 457
257 832
719 759
355 386
873 910
52 504
493 346
630 211
192 101
374 168
690 361
56 633
165 195
476 293
904 642
389 48
836 709
548 248
271 491
510 401
353 476
353 586
177 356
770 573
862 256
416 518
907 470
563 677
767 374
59 66
61 826
536 834
84 397
637 60
692 76
35 98
132 27
741 691
816 214
463 38
598 114
853 746
396 477
441 810
79 429
673 556
191 649
802 309
358 230
111 577
862 860
105 179
103 616
173 793
449 686
400 443
109 199
291 444
220 571
759 710
338 308
781 427
303 91
427 350
866 894
260 273
369 49
847 122
100 764
163 596
183 663
148 427
849 610
573 897
707 604
320 458
526 757
622 287
342 426
804 321
663 30
422 338
630 87
560 874
194 149
214 559
802 468
752 663
824 260
255 379
6 219
738 771
725 716
803 431
236 84
882 460
520 33
512 493
136 895
140 274
568 301
756 162
24 779
576 840
578 465
527 464
594 177
135 101
102 343
429 253
139 110
289 861
141 724
203 397
558 351
318 21
308 410
451 490
433 75
732 873
441 251
11 313
603 419
474 117
292 873
349 328
21 795
498 79
249 25
180 263
438 6
738 239
759 24
411 407
285 220
233 667
556 395
614 388
419 778
593 427
633 569
745 618
468 485
29 876
303 530
608 227
493 415
351 476
480 598
482 755
213 411
214 283
207 371
107 510
458 274
262 312
136 679
449 839
102 59
302 20
141 629
606 493
93 860
314 750
223 488
704 852
789 651
303 127
569 474
313 276
633 706
61 57
351 734
583 419
843 676
883 902
846 537
262 64
137 284
906 402
799 652
802 621
894 805
455 43
2 346
39 887
706 720
854 738
823 118
286 609
217 409
560 790
315 778
638 83
858 144
291 580
195 506
768 154
259 559
777 174
620 780
486 447
362 761
439 623
133 704
526 866
49 46
527 463
490 866
416 566
23 538
294 555
150 300
66 276
48 311
730 831
900 66
493 20
338 266
838 809
620 577
537 728
114 443
577 687
667 656
728 813
750 739
866 323
147 779
759 281
754 107
662 96
493 544
459 656
99 418
135 725
283 50
119 126
280 845
777 433
524 651
101 283
323 785
569 380
625 434
609 37
440 531
900 646
98 863
178 785
195 885
588 319
787 697
670 301
735 663
748 130
180 716
570 84
823 874
628 856
348 394
278 880
501 904
796 776
73 383
730 203
877 104
550 283
318 143
614 686
410 110
793 679
663 756
5 153
63 407
488 870
286 57
827 832
294 169
886 567
740 646
428 346
302 345
824 623
287 657
720 21
246 860
136 763
908 841
357 477
697 267
313 530
741 39
448 359
49 287
361 541
234 699
308 166
678 438
57 98
98 251
393 821
462 502
427 304
446 673
696 188
109 462
347 505
899 308
120 538
321 605
803 359
144 467
146 542
464 714
581 107
708 613
330 184
540 545
708 756
182 532
530 558
867 870
591 738
631 587
564 801
359 818
582 478
463 855
634 147
609 704
359 334
415 893
804 681
750 48
867 267
150 645
35 718
154 544
473 181
382 473
720 835
510 308
560 486
796 479
778 638
265 852
645 697
537 715
267 303
542 686
562 216
636 55
230 426
488 533
137 368
36 247
37 207
442 625
95 345
480 489
885 689
597 562
690 372
195 485
489 704
414 730
660 89
683 738
43 764
552 35
672 562
585 491
489 593
163 262
882 232
478 56
338 224
50 761
821 169
683 118
465 792
144 312
880 45
94 422
721 562
352 758
408 648
216 763
197 498
604 854
622 557
399 513
646 87
815 708
190 868
122 749
577 745
435 127
56 211
310 23
756 67
244 757
813 313
213 190
432 758
787 460
700 672
386 113
189 847
298 3
190 13
638 289
553 450
295 536
207 714
873 203
495 846
404 301
470 625
570 860
810 152
228 504
263 220
892 524
565 402
234 348
235 358
116 774
184 126
740 519
116 856
411 282
676 538
110 641
240 309
256 522
168 444
498 40
816 909
221 510
667 204
761 153
764 757
448 774
605 685
508 315
632 95
608 673
747 43
507 623
575 761
737 590
111 615
608 617
759 494
159 405
310 478
57 874
439 254
684 244
390 294
164 679
454 702
309 73
112 704
311 463
7 271
302 770
157 474
694 852
371 391
616 437
689 417
32 715
148 453
139 138
203 610
202 742
846 263
462 705
67 873
159 212
267 493
596 236
834 252
357 528
410 538
273 415
130 759
6 663
682 857
318 734
119 172
709 476
837 151
677 668
841 743
436 653
535 261
38 295
205 557
166 829
260 424
448 77
452 525
166 908
372 590
836 683
531 813
