856 1174
108 181
638 539
509 828
239 813
550 740
775 780
728 774
191 727
490 819
442 309
505 487
643 360
38 217
445 802
781 648
552 710
741 512
319 465
700 25
304 497
315 56
452 783
423 416
739 141
557 441
260 591
459 297
533 34
78 120
376 586
726 187
375 117
450 537
566 262
468 143
613 803
642 634
384 289
368 358
702 386
595 19
568 27
737 21
205 302
423 379
407 351
837 283
706 491
719 799
375 578
530 190
648 713
760 545
223 54
253 34
322 140
575 340
70 332
772 148
522 323
117 152
494 502
826 552
701 470
166 146
140 558
445 262
219 316
488 118
237 675
627 772
526 161
131 766
301 59
540 149
781 398
635 234
605 441
797 751
296 834
70 165
585 425
320 314
558 605
645 812
134 694
790 335
50 356
132 172
642 429
260 150
133 416
181 678
235 719
8 315
359 281
349 805
771 14
21 46
22 148
122 806
850 643
308 515
575 9
49 78
259 650
156 144
351 56
782 365
445 203
410 392
834 101
322 739
179 419
752 431
804 248
815 612
843 557
611 827
602 825
446 326
565 729
707 66
298 542
809 481
532 451
65 309
356 754
808 61
838 255
601 396
280 565
269 465
232 8
127 184
263 234
558 14
128 615
269 354
782 203
777 679
588 207
475 276
548 614
332 699
593 757
829 826
773 263
516 110
573 310
794 766
409 494
231 95
542 820
831 733
299 422
235 394
16 1
44 299
388 51
855 305
726 748
16 454
276 65
750 150
731 653
417 703
244 604
763 740
429 205
829 562
825 832
768 428
73 499
548 542
18 202
207 827
823 485
389 645
412 554
704 19
504 59
789 323
128 198
132 837
175 733
671 375
595 151
479 318
654 290
318 838
219 471
345 366
350 160
519 7
485 305
392 267
37 545
690 484
220 546
600 182
456 429
628 271
806 830
529 171
490 94
835 709
229 774
38 348
193 753
170 243
533 131
116 74
711 133
323 580
343 698
682 346
340 485
153 552
301 14
787 308
349 589
290 765
73 66
485 336
752 319
203 616
836 210
710 135
493 197
177 63
632 451
40 392
53 266
360 767
515 485
322 837
353 171
535 472
51 811
365 791
637 541
479 491
97 67
548 550
355 850
482 210
724 597
703 787
265 552
178 686
602 707
157 556
596 192
218 712
288 107
325 314
645 437
204 555
539 408
730 422
345 726
515 165
586 351
416 118
580 732
251 340
297 692
636 594
616 449
704 371
576 210
332 189
683 119
303 710
577 83
164 633
268 208
437 486
836 66
852 559
1 459
102 463
807 23
564 838
786 544
806 551
625 809
329 834
71 571
620 711
17 715
403 770
115 46
658 442
446 828
435 505
76 657
15 487
782 405
547 209
170 156
339 405
542 396
193 152
832 768
103 527
68 340
160 555
682 678
27 134
673 69
687 518
503 482
818 329
481 125
792 673
557 9
430 582
840 709
451 98
798 250
345 350
733 840
265 143
640 313
117 225
453 332
282 86
668 296
769 367
773 718
565 463
495 369
788 187
111 361
593 410
384 549
685 308
537 150
682 365
495 775
50 14
578 691
388 422
538 161
387 192
87 587
365 147
810 819
348 195
261 855
635 208
169 381
563 34
402 262
30 95
273 217
510 542
64 478
742 749
812 759
467 680
496 528
830 160
345 4
509 734
628 351
646 586
219 307
63 556
570 808
312 589
538 228
251 190
92 426
35 432
45 553
521 19
87 376
360 331
432 48
460 21
88 553
591 333
97 86
754 140
161 652
823 578
166 834
365 279
381 122
30 217
63 181
123 796
241 593
189 176
454 590
707 593
734 527
852 438
531 742
190 387
100 751
64 651
740 144
17 642
761 109
732 110
838 726
798 74
259 324
90 825
262 179
519 451
306 237
740 700
516 328
824 559
435 135
459 317
60 19
767 460
652 612
685 361
682 33
404 584
648 294
472 6
205 586
75 294
489 711
472 265
529 738
717 87
723 124
176 790
320 61
746 368
338 334
109 414
591 143
41 522
800 742
255 151
384 708
372 197
46 201
794 390
439 562
194 634
143 155
806 106
490 36
131 374
74 362
226 469
620 108
818 740
439 244
406 523
65 582
204 550
387 166
635 63
379 767
604 460
250 173
303 122
308 119
568 672
814 158
119 316
705 749
349 266
661 280
636 1
313 257
314 241
604 845
42 765
277 199
513 688
378 820
844 629
444 164
615 154
650 337
472 348
602 407
703 144
850 293
190 407
837 269
617 701
235 577
405 232
585 68
90 144
360 208
663 792
545 1
483 805
622 17
146 126
450 147
245 533
564 835
24 817
45 324
265 419
382 520
493 657
713 555
672 5
472 162
690 809
559 361
404 421
690 456
822 417
828 806
513 767
120 777
552 354
92 778
356 465
348 342
622 411
331 177
442 796
516 150
316 634
483 39
237 815
26 461
139 130
279 63
855 170
106 298
14 435
183 299
645 140
66 616
535 808
599 108
340 782
839 467
812 671
369 323
723 45
285 462
123 671
722 117
520 122
574 144
393 90
122 376
454 777
402 362
583 522
167 730
379 501
353 749
191 846
30 631
778 197
141 560
648 841
324 524
179 167
828 795
820 530
612 848
224 764
356 189
791 239
346 230
347 718
784 169
474 396
653 431
125 384
263 87
497 738
339 196
568 408
44 241
295 799
800 548
584 598
752 14
47 273
469 407
479 782
24 130
335 748
545 117
318 34
741 773
841 749
63 115
139 305
416 746
257 221
203 239
249 552
220 486
733 347
450 624
374 313
718 234
346 852
196 521
233 743
64 664
700 489
500 327
23 21
681 772
422 59
223 376
591 231
42 630
370 480
673 760
179 461
491 745
80 427
260 470
207 434
503 97
430 628
833 267
54 66
171 385
484 96
793 698
293 407
795 212
591 241
614 692
598 283
191 723
801 48
747 549
493 85
85 575
539 54
151 262
137 216
161 351
94 199
373 653
524 195
302 395
390 51
701 679
270 368
59 462
351 459
179 71
302 153
299 105
673 804
377 231
168 297
255 468
443 714
526 650
114 179
392 562
620 92
640 222
547 359
321 459
781 106
187 794
240 170
446 565
59 277
750 836
122 829
197 519
25 64
670 189
785 355
215 768
542 560
337 599
173 774
82 501
24 480
510 568
761 28
763 523
843 272
575 107
450 454
205 686
637 657
419 158
102 385
195 395
399 735
710 731
195 754
182 82
8 573
465 439
342 252
68 212
350 487
581 317
357 232
683 679
84 215
588 560
401 838
754 57
795 376
187 591
711 262
566 218
452 400
143 191
69 379
831 379
674 429
848 704
376 194
827 510
229 385
197 828
350 754
638 39
442 172
234 297
581 803
576 545
401 453
664 145
244 322
486 266
597 424
711 36
844 274
622 641
167 117
694 392
685 627
849 570
751 691
816 28
181 536
529 233
338 365
529 27
856 669
166 774
826 704
424 640
160 301
641 36
463 84
237 203
458 489
366 174
413 356
709 202
186 196
742 105
179 444
158 565
353 173
428 679
555 163
413 170
118 249
16 151
94 150
842 271
734 444
153 219
293 186
68 739
34 130
555 376
770 664
635 4
788 164
755 299
216 364
454 14
514 496
239 86
836 582
487 570
518 166
99 228
361 489
754 538
104 393
216 654
98 374
378 452
109 136
769 15
293 65
10 797
699 439
376 841
320 319
385 154
223 567
752 584
441 409
102 562
40 280
493 210
260 543
796 12
8 367
262 195
825 516
216 466
415 745
280 369
782 228
156 784
448 781
330 460
849 564
4 794
45 498
530 408
577 189
817 528
635 483
312 287
761 343
533 718
729 739
372 436
39 15
729 676
225 341
213 28
486 330
600 165
511 47
167 626
177 770
493 177
839 638
136 701
90 708
2 57
714 282
294 781
806 487
156 551
40 144
626 651
626 213
522 632
611 291
85 302
486 708
728 93
751 162
483 333
191 132
647 763
737 496
423 582
295 484
198 537
841 747
711 319
499 333
48 472
267 717
297 781
439 276
662 311
367 827
505 674
706 683
374 15
728 708
811 608
157 86
180 807
144 832
804 185
482 379
203 775
447 134
706 744
627 646
729 63
825 851
441 517
557 260
313 705
97 558
844 147
811 755
148 189
32 38
816 591
339 12
655 679
338 440
479 339
525 446
318 274
528 658
650 212
634 591
151 357
124 18
838 843
733 777
639 14
49 503
362 755
725 488
487 249
746 47
466 688
445 491
393 177
314 529
544 201
816 485
158 722
559 311
562 567
295 195
746 190
582 7
533 288
544 175
130 608
39 27
658 270
354 840
131 693
628 330
231 446
267 193
141 349
803 550
645 241
529 794
754 8
661 460
835 229
583 151
522 329
64 278
291 418
515 513
327 314
321 90
157 137
394 333
235 764
139 419
408 79
101 326
192 134
332 271
16 175
263 779
151 803
384 573
491 243
201 364
264 526
36 7
651 593
377 113
383 247
363 511
680 683
854 389
294 277
578 390
742 756
150 719
207 253
769 102
269 424
647 337
583 301
553 613
272 332
519 791
463 369
668 741
132 412
598 23
578 169
766 385
811 247
334 801
446 362
117 10
756 390
769 636
416 260
528 377
89 350
519 93
657 644
227 677
761 602
676 711
617 206
201 277
588 595
772 752
104 152
176 512
757 567
670 211
514 241
273 89
140 853
710 74
224 730
525 739
482 383
424 662
113 350
376 31
447 716
451 690
613 191
576 423
378 519
651 313
807 681
323 856
834 240
327 395
559 375
299 151
576 558
811 130
520 672
424 639
286 374
841 426
431 669
345 775
408 674
664 23
79 259
210 95
66 622
409 841
25 316
460 408
378 570
225 813
299 98
592 20
322 823
412 148
620 209
14 781
333 392
366 462
801 573
472 363
442 313
116 845
757 761
570 149
101 31
80 325
743 826
340 728
693 663
599 727
631 46
655 673
39 356
230 111
188 111
462 47
730 36
802 377
188 557
149 204
7 297
801 432
730 32
475 791
515 25
304 586
176 274
115 541
308 597
775 38
498 718
576 813
1 145
429 560
621 806
456 527
289 819
127 375
539 382
682 64
428 225
573 356
601 39
246 734
340 813
247 51
390 346
248 509
498 300
346 347
836 527
789 195
711 549
581 58
226 460
564 355
605 782
198 492
195 703
589 543
157 709
582 174
812 335
113 271
95 808
673 188
171 261
826 643
365 486
731 196
152 271
228 856
818 248
747 25
185 439
285 390
810 367
555 433
249 638
121 246
553 712
781 762
533 839
550 85
134 766
658 263
177 202
833 72
548 11
220 667
746 48
847 243
270 681
704 808
376 287
