1000 9887
160 950
927 902
678 333
401 572
621 577
76 378
649 278
225 868
446 92
95 831
318 26
696 966
220 808
648 937
904 307
833 371
51 298
146 42
369 179
43 702
761 966
786 218
204 843
113 781
134 666
177 331
415 619
1 803
143 664
476 587
477 830
919 331
723 698
726 819
825 18
902 165
164 312
572 429
240 910
113 400
120 841
374 473
962 878
306 25
531 432
951 587
438 570
297 362
467 86
522 978
650 837
278 2
170 907
712 534
108 512
554 238
206 288
832 927
62 772
126 219
951 414
954 430
407 677
975 20
867 695
816 387
192 493
19 891
839 709
768 382
389 86
36 148
289 758
475 782
880 649
755 807
257 80
98 842
742 99
944 438
335 221
985 814
785 666
823 998
493 511
522 351
195 141
361 149
694 113
860 361
366 664
942 810
171 404
911 496
76 271
636 75
308 497
670 9
582 821
190 953
347 890
243 712
864 569
424 598
80 232
885 925
228 432
252 302
915 64
440 160
323 286
30 533
91 537
99 50
332 318
4 7
478 90
528 905
677 461
628 810
204 244
529 497
341 307
342 596
550 393
532 652
442 602
947 143
71 511
62 710
305 883
842 42
353 111
923 295
448 837
328 315
220 249
975 123
628 777
945 188
709 427
686 469
676 36
642 116
165 569
742 301
335 841
969 135
811 740
405 123
304 98
31 465
159 172
162 384
56 643
399 605
936 615
976 564
177 325
312 476
336 290
464 247
318 662
882 277
534 650
662 447
266 388
370 195
747 709
129 900
593 223
96 593
977 184
975 989
997 181
983 486
327 642
204 463
833 537
195 677
273 851
178 800
597 322
998 771
347 936
234 350
705 993
243 862
981 84
51 147
969 948
820 650
38 447
424 511
562 573
84 329
250 49
17 112
277 718
408 787
118 120
939 750
779 917
35 485
566 899
511 232
597 887
781 80
879 861
805 858
588 606
917 624
97 29
351 640
600 180
784 971
452 873
783 823
897 748
831 815
358 119
819 707
324 163
509 249
241 891
317 754
266 868
803 87
438 46
908 836
449 775
512 739
345 854
953 407
245 441
777 705
137 610
210 344
368 800
225 637
450 282
358 691
79 828
470 857
950 471
370 229
647 397
246 944
177 579
346 74
664 107
523 272
690 771
219 377
789 701
226 535
354 448
523 353
247 399
468 584
863 705
609 802
576 145
976 491
552 208
906 458
66 127
485 615
87 407
50 47
113 56
84 399
69 733
514 890
52 941
226 1000
647 998
190 791
206 433
599 425
592 796
681 245
437 791
611 116
204 518
355 434
529 441
987 901
476 390
297 269
46 144
838 476
452 687
179 881
400 2
473 588
348 840
75 896
451 593
487 407
400 913
451 529
594 515
831 82
447 997
987 720
191 243
816 408
27 579
267 329
225 334
443 243
797 960
928 913
662 849
563 546
197 800
607 725
349 741
576 343
747 478
1 293
608 120
349 534
484 291
525 563
51 960
487 936
82 258
711 813
837 626
489 284
423 988
735 477
521 625
269 411
357 285
30 397
384 783
521 450
121 278
229 851
600 921
178 609
471 762
219 325
648 987
721 251
316 697
613 957
940 419
155 765
470 675
319 806
858 52
894 942
878 51
271 131
534 783
941 775
907 955
388 508
448 271
781 579
85 86
568 112
948 379
109 833
813 835
27 114
160 337
606 266
827 747
240 911
956 973
795 73
636 549
877 461
739 308
500 352
482 823
254 146
433 153
362 257
32 633
18 580
759 87
224 209
116 423
395 401
782 514
823 338
382 38
542 163
137 847
580 421
180 811
767 849
288 945
680 339
797 932
551 757
608 917
718 350
159 344
80 439
642 802
113 602
257 448
422 570
573 730
833 865
315 694
105 801
185 166
141 991
608 354
404 375
479 989
232 22
51 762
684 467
812 299
650 218
285 165
363 717
768 129
473 445
574 885
388 178
137 118
855 884
255 600
554 257
403 597
726 3
57 920
657 247
298 338
798 543
86 285
660 612
94 248
666 921
597 143
669 786
411 14
873 712
18 996
240 92
278 338
559 199
83 758
636 986
344 202
308 557
667 110
4 362
140 294
164 172
314 529
994 143
72 579
573 201
491 83
546 823
11 264
68 407
70 205
699 287
131 859
171 934
418 789
680 160
184 943
524 113
654 724
589 597
880 551
901 873
138 263
283 850
606 604
954 165
21 74
629 997
638 77
106 290
293 842
419 706
470 818
318 358
245 782
30 442
837 586
307 723
54 300
940 325
869 121
119 334
47 669
802 418
15 435
479 838
680 974
857 402
934 318
103 786
562 841
561 666
221 498
195 676
35 987
967 834
769 629
184 211
39 367
920 711
284 313
691 738
659 98
700 590
316 839
568 40
87 720
849 780
40 897
347 783
350 98
566 870
255 291
771 282
455 285
187 579
350 13
903 777
615 515
412 752
969 661
183 695
700 259
95 347
429 11
634 11
869 864
751 936
547 453
469 626
912 130
805 857
933 276
24 962
461 531
408 417
391 360
528 434
214 949
822 564
111 567
292 243
922 86
858 69
720 137
771 871
72 208
802 915
453 465
625 768
116 734
203 824
615 165
138 315
488 828
769 203
149 153
520 592
408 29
430 690
536 281
440 686
486 98
261 448
177 753
110 305
203 625
815 862
191 16
367 819
882 579
100 94
655 822
582 882
843 574
152 687
850 570
688 289
672 550
800 747
143 115
492 311
497 463
338 973
1000 482
782 350
855 828
87 406
513 571
734 567
810 111
403 335
223 54
722 659
924 251
981 902
949 344
381 806
130 624
563 474
781 431
857 57
394 793
126 662
161 626
516 595
199 990
181 639
826 772
830 836
28 198
229 629
201 654
808 354
421 433
278 282
170 627
981 329
433 483
767 376
311 454
573 47
45 662
616 622
11 522
196 518
602 513
201 1000
255 37
105 642
739 603
357 533
31 852
322 888
832 949
830 640
279 394
942 62
123 780
783 778
510 92
706 773
837 61
659 949
399 758
573 347
224 20
64 717
208 507
766 508
385 189
961 73
618 63
690 671
306 872
918 611
337 70
663 789
613 218
816 948
265 178
138 128
897 31
128 406
898 646
977 135
629 990
83 557
211 827
142 891
159 699
164 791
91 785
73 830
293 757
92 968
268 821
158 481
266 113
863 292
510 980
367 565
890 386
372 925
591 328
259 731
902 493
568 113
340 225
770 757
97 559
835 573
89 295
825 503
94 172
957 242
226 124
902 669
395 745
932 567
783 426
821 611
18 784
135 747
820 272
47 495
31 554
892 664
473 574
883 819
899 54
942 964
421 294
671 602
528 732
231 211
608 618
435 502
239 708
634 434
620 129
144 100
788 981
736 398
996 848
390 729
864 290
476 56
645 777
62 917
504 433
983 555
297 804
427 757
840 154
234 137
785 527
456 131
438 23
186 116
221 339
219 649
312 450
510 421
371 929
205 196
798 166
195 143
272 644
275 295
681 872
427 32
272 787
682 534
872 440
859 82
454 486
626 891
486 793
615 97
540 527
857 859
426 123
941 584
838 812
765 260
829 551
151 543
833 428
940 384
635 888
963 801
986 194
824 153
971 282
882 947
129 713
848 239
21 971
939 312
986 885
878 447
401 201
166 75
424 374
243 836
782 129
532 424
855 192
807 726
459 940
151 850
304 875
912 618
568 508
810 345
297 170
782 931
66 723
605 516
217 323
386 708
75 877
826 943
207 344
843 352
776 989
504 237
799 501
676 320
589 993
878 874
607 360
466 452
749 519
953 814
187 482
897 640
136 932
382 67
607 526
311 93
370 571
336 155
615 51
710 781
897 928
625 795
737 161
811 742
97 322
483 889
448 660
141 655
679 103
167 659
560 821
903 31
231 520
894 472
646 839
974 80
498 441
364 713
873 67
110 282
845 157
58 177
917 275
923 899
871 585
380 54
931 396
173 40
328 727
458 874
684 172
751 99
856 825
547 359
220 972
170 201
833 564
753 352
937 617
811 64
759 270
905 11
823 146
1000 391
178 639
181 888
864 694
317 392
959 809
584 597
415 783
809 816
347 657
424 338
866 691
504 736
446 711
178 929
530 138
113 380
902 714
209 801
563 366
601 39
628 776
365 414
574 338
282 882
583 32
531 381
273 157
438 625
205 858
247 527
198 81
472 164
758 185
649 603
799 489
819 295
514 331
608 530
71 626
663 110
22 82
885 42
443 11
10 698
780 394
959 910
269 651
989 28
704 148
512 654
908 358
314 903
666 80
996 767
334 450
559 655
67 709
818 311
361 416
452 9
269 621
72 30
314 118
119 745
963 415
515 506
853 301
8 772
450 489
717 357
618 44
8 915
779 142
251 767
17 859
682 607
747 448
403 146
348 526
980 884
362 591
627 505
919 783
119 301
247 280
788 150
394 597
198 727
539 649
740 30
746 175
569 146
829 704
959 845
448 293
56 426
902 551
655 501
736 935
274 304
402 381
479 377
27 104
544 62
707 821
202 829
696 90
735 72
574 334
284 59
773 572
939 716
673 920
211 66
193 595
322 889
729 562
422 567
35 225
383 721
735 524
687 242
101 608
157 654
478 654
62 609
112 762
315 319
906 886
689 78
456 635
301 621
234 293
36 499
718 243
183 760
722 14
462 301
485 116
175 904
953 290
864 835
737 459
759 946
355 600
341 533
233 884
786 642
55 727
609 548
817 460
871 657
858 272
475 832
441 922
649 283
946 847
618 752
216 592
358 959
479 822
532 192
256 459
242 220
540 603
833 455
595 672
951 736
178 692
341 216
492 276
347 571
523 540
601 972
359 964
674 896
783 102
237 488
277 945
39 310
422 186
479 447
635 189
946 512
359 597
181 545
592 136
187 940
351 241
407 163
191 600
290 369
240 50
611 5
321 855
14 370
549 237
131 50
795 75
944 783
27 997
856 75
88 245
323 634
490 713
161 895
143 955
884 537
558 990
123 887
444 138
853 290
361 572
678 407
383 407
473 439
120 821
961 897
595 291
712 537
624 197
309 949
753 551
537 722
940 432
335 228
286 415
732 891
58 358
274 875
24 682
991 906
667 960
851 31
559 726
46 511
361 495
720 802
718 301
367 321
940 799
543 194
620 567
367 438
224 928
865 796
686 318
390 395
428 218
312 451
295 266
152 44
292 233
120 352
12 616
272 645
59 238
849 253
686 536
599 969
270 495
254 574
113 698
707 300
242 30
263 462
300 780
929 150
582 808
15 345
952 369
825 997
258 354
705 591
582 955
659 362
881 270
38 805
78 618
405 762
228 435
854 475
768 306
401 319
19 120
493 977
475 586
316 974
526 873
711 343
415 810
416 924
479 403
126 812
397 412
643 604
973 553
190 813
710 420
235 836
71 218
202 135
682 397
922 700
580 944
772 485
965 762
700 377
169 487
117 473
615 622
857 786
396 186
754 698
386 96
813 583
489 110
841 262
662 788
960 180
745 674
1 456
936 189
411 977
940 733
692 666
220 107
672 966
362 916
288 991
572 871
551 667
533 892
715 873
292 526
349 555
334 129
851 281
870 471
488 849
492 777
807 450
220 312
772 81
158 98
587 860
950 462
916 74
989 620
737 499
670 516
59 747
731 221
863 968
384 858
353 549
100 420
398 303
346 996
204 458
77 852
848 972
155 86
782 465
674 230
622 144
942 795
246 740
191 301
51 502
434 466
859 351
240 269
392 34
79 747
748 941
565 225
179 346
751 714
313 544
939 436
868 278
227 102
246 390
502 60
449 160
711 200
625 15
643 440
493 727
614 925
118 204
69 536
855 745
383 248
38 269
98 120
9 537
7 239
269 87
936 492
700 285
443 812
848 603
500 299
544 241
49 693
321 648
8 904
838 503
631 864
754 734
350 301
390 900
102 434
636 734
503 849
948 706
439 457
374 459
867 530
271 778
176 655
33 778
73 25
606 909
384 476
760 317
63 690
324 174
71 659
686 148
339 299
859 672
383 530
774 459
101 301
11 61
858 616
822 455
471 175
166 455
59 809
522 387
535 913
629 757
505 881
312 507
510 482
579 448
214 486
113 753
699 854
497 786
557 268
501 890
797 317
957 483
592 880
901 9
708 799
267 595
604 984
199 404
733 764
203 849
648 546
556 859
760 582
579 10
707 449
217 845
643 873
754 92
293 672
816 583
411 829
911 120
734 565
644 325
701 404
976 381
191 470
85 191
52 936
265 673
39 627
960 304
190 741
485 983
678 142
567 642
420 249
919 1
101 828
691 94
207 903
610 18
59 280
459 546
504 185
476 167
887 979
727 830
982 845
408 302
836 982
894 164
453 290
93 987
962 796
500 963
907 133
11 968
799 115
859 652
197 813
181 424
534 484
426 9
888 108
943 688
158 920
698 245
440 733
58 20
556 251
224 884
371 967
708 462
253 503
663 934
171 428
923 989
85 686
980 794
582 690
696 637
147 327
646 927
538 572
281 525
284 756
150 149
826 371
777 813
336 11
137 462
447 233
622 217
403 399
333 754
315 875
728 765
711 477
217 937
588 360
38 137
21 949
830 437
338 943
971 193
701 440
925 304
195 527
269 300
36 521
293 422
578 84
748 772
645 24
74 343
645 290
903 962
425 903
668 69
646 483
304 720
505 177
144 809
921 615
10 910
687 72
725 133
601 399
378 784
454 421
725 178
240 785
278 151
170 996
780 365
229 667
975 406
568 687
219 653
348 815
685 424
830 723
282 77
916 512
673 678
968 720
568 542
296 801
626 651
853 515
172 291
644 983
720 803
862 610
379 670
50 594
968 465
401 976
272 472
236 809
858 621
665 87
168 537
371 50
297 955
816 916
393 692
238 588
323 951
131 370
73 668
935 740
718 204
620 726
726 628
522 298
251 678
344 122
34 896
609 540
759 518
191 42
986 430
318 427
691 911
375 142
782 506
335 579
518 464
213 448
394 618
379 56
204 133
366 778
434 446
142 119
604 846
493 865
810 37
579 992
449 219
553 733
913 809
911 854
865 588
888 923
942 696
100 571
835 680
783 392
909 400
737 650
10 930
62 635
959 715
994 138
723 952
529 23
607 362
19 789
611 879
540 433
486 897
608 743
534 211
685 285
262 502
11 818
28 716
912 71
109 909
804 125
667 943
283 934
92 46
757 300
941 85
563 543
172 37
48 27
512 650
694 166
751 160
205 182
224 683
831 344
815 839
617 68
870 310
87 56
676 587
570 210
863 971
224 538
341 957
859 176
473 365
552 840
419 883
178 746
674 231
379 87
494 260
134 437
446 491
394 526
899 551
826 525
316 979
302 554
930 575
825 339
956 547
152 995
959 952
838 699
880 333
53 908
990 774
203 496
353 451
133 389
743 762
981 193
913 161
911 682
994 900
95 311
776 231
351 857
847 729
459 680
120 656
778 389
545 559
787 598
596 206
691 242
373 981
733 371
255 147
737 880
279 355
762 293
746 750
488 754
106 833
343 556
913 749
880 920
549 172
495 977
131 696
686 42
154 251
415 240
745 447
266 864
747 345
822 341
3 264
920 477
650 714
598 976
547 94
20 966
936 583
756 72
496 79
416 24
228 419
989 478
629 631
279 916
157 236
863 926
129 843
665 297
712 204
16 707
181 23
355 796
124 71
703 7
741 208
265 117
928 275
378 470
360 821
12 998
161 420
384 581
99 400
528 19
268 995
450 986
568 233
180 247
187 789
973 398
682 149
36 534
806 246
916 530
194 326
341 405
911 793
492 103
129 504
51 283
795 240
339 684
415 794
120 86
861 591
93 485
369 581
870 743
874 746
912 451
460 320
783 448
127 154
718 795
629 324
633 769
151 122
615 689
617 504
435 415
365 674
658 704
173 367
417 709
92 321
143 839
239 530
277 305
705 446
944 722
158 620
486 73
838 242
362 203
507 807
737 13
679 998
349 479
41 534
872 884
432 405
750 885
54 828
755 673
718 471
113 172
432 100
486 642
354 973
135 106
546 463
49 237
608 124
992 411
106 377
418 173
292 726
223 706
704 702
872 304
391 674
566 84
975 277
879 23
152 773
684 231
777 963
512 400
332 201
244 708
310 560
77 795
8 382
6 281
284 411
199 264
551 119
682 226
118 504
411 792
18 218
113 216
132 86
194 706
240 78
136 17
890 496
367 69
735 136
458 356
296 343
134 671
782 91
515 700
748 145
499 993
585 305
283 480
173 630
729 80
58 800
664 478
761 359
870 643
502 263
491 18
37 130
890 959
339 934
676 303
913 907
905 767
12 87
178 427
611 963
279 427
541 820
836 932
895 411
884 936
49 47
729 701
270 945
35 108
975 555
206 199
614 192
335 993
48 225
858 702
236 810
722 97
150 521
341 582
395 370
489 339
310 835
901 676
150 760
137 271
101 70
564 610
910 914
877 549
648 669
725 913
872 443
484 33
350 667
454 649
913 939
916 406
209 382
29 11
195 319
290 729
823 285
5 34
775 450
925 497
194 125
88 744
158 448
786 793
630 804
308 501
436 162
266 650
204 134
8 489
326 229
820 72
307 183
754 244
223 11
351 70
963 576
892 362
514 830
312 718
187 970
226 940
193 221
140 508
268 649
606 347
493 642
705 58
320 216
784 695
288 422
93 301
421 374
169 485
795 41
343 805
714 139
400 63
11 599
411 465
932 213
787 682
480 252
733 438
304 426
912 41
16 126
948 671
418 702
594 967
97 101
962 931
616 839
65 877
908 61
712 646
451 442
384 353
27 527
875 835
868 21
183 128
684 363
650 727
67 379
909 566
586 901
720 671
560 808
617 809
237 584
845 777
202 797
186 390
99 955
81 228
372 493
870 420
708 833
855 464
152 441
595 911
120 493
157 184
431 585
640 158
789 819
369 306
264 674
599 92
161 46
694 880
811 52
170 180
355 880
29 239
327 270
38 839
365 232
42 394
333 697
564 267
490 824
877 956
346 772
274 41
47 221
963 572
456 838
221 602
496 225
98 135
819 157
280 869
930 798
257 644
679 441
739 402
260 793
912 472
201 871
84 413
574 82
994 60
157 545
905 597
979 193
762 179
466 276
947 287
364 507
420 421
719 259
421 588
44 505
322 899
641 585
233 174
663 472
520 602
405 440
252 752
292 846
205 667
805 358
925 759
390 311
656 409
529 941
287 949
201 268
202 607
242 608
594 205
776 770
210 194
926 276
840 213
163 840
993 937
600 757
802 881
529 719
203 740
582 413
115 496
975 670
391 697
413 129
252 175
694 50
536 396
518 236
271 916
730 300
204 409
65 997
800 624
232 82
910 757
325 961
345 277
203 851
55 914
167 244
406 788
172 590
963 877
361 847
643 875
148 974
994 557
955 785
227 166
30 711
89 137
865 824
388 5
706 8
544 339
232 284
657 980
108 370
515 562
181 714
511 887
592 175
829 334
961 217
126 666
117 381
354 1
961 239
744 649
322 547
120 574
852 887
63 834
822 859
217 440
678 287
689 566
838 870
908 784
467 64
969 262
117 501
260 531
410 160
946 46
537 128
14 550
343 50
10 605
413 688
361 359
112 543
24 593
689 759
306 435
576 317
968 439
273 373
769 186
149 72
759 873
957 993
318 625
689 67
229 410
874 65
177 311
457 519
794 654
867 972
770 912
871 940
968 149
825 748
437 254
3 796
940 235
941 702
565 754
432 978
237 929
275 380
702 565
668 765
800 557
871 658
660 9
117 876
388 820
336 13
542 109
674 189
57 165
320 561
838 855
459 166
190 986
583 673
266 991
35 919
375 975
75 406
308 220
887 47
781 638
88 811
288 189
329 519
661 756
972 843
351 242
603 23
544 494
225 32
468 958
344 68
843 26
921 756
792 748
977 720
853 461
112 127
535 273
190 534
454 411
356 969
567 529
491 162
442 418
28 635
416 181
10 270
879 912
866 797
947 452
343 727
121 697
788 576
951 404
404 841
757 421
978 466
580 418
581 119
792 945
548 64
253 198
839 707
241 774
232 607
853 867
638 203
215 270
310 38
738 549
337 447
25 182
867 923
120 244
375 580
177 339
585 430
306 697
510 425
862 898
223 656
958 605
697 114
673 979
765 77
586 576
383 778
445 743
969 100
846 801
940 350
209 236
781 990
603 60
986 428
713 556
775 53
368 587
448 408
940 493
141 828
837 883
161 498
643 786
679 80
994 721
419 806
78 617
796 300
134 463
85 275
892 133
678 776
146 505
700 816
186 918
160 37
997 458
701 474
773 957
80 268
108 442
860 969
807 722
689 214
963 14
597 123
834 351
265 584
450 596
861 950
329 285
32 956
640 827
197 823
112 234
149 603
297 328
175 299
291 806
754 776
461 618
761 92
301 385
469 247
14 542
117 313
538 156
500 103
473 639
747 238
733 15
20 718
222 556
850 237
387 633
676 945
81 825
478 837
872 988
668 929
11 18
712 869
766 56
508 280
127 614
24 423
99 813
729 870
111 978
684 394
189 804
889 572
266 63
290 425
883 26
77 111
742 867
270 462
609 574
756 699
738 922
998 584
836 371
506 634
915 132
533 317
461 498
106 313
687 819
251 930
391 785
825 119
57 221
61 701
7 699
614 934
199 211
57 846
158 973
494 501
781 565
855 900
335 565
843 964
791 636
167 390
230 830
57 552
477 719
938 867
153 681
534 312
174 721
51 6
787 890
863 175
387 8
326 450
299 820
766 958
639 436
608 229
108 188
681 209
233 954
170 555
429 782
139 235
913 961
571 557
438 996
205 807
810 603
633 980
944 601
581 412
982 949
533 729
26 262
37 298
810 746
244 162
939 898
120 880
248 165
217 512
451 520
804 716
37 443
149 849
741 983
64 375
709 393
16 234
948 995
775 248
719 32
371 206
889 781
229 276
145 923
198 8
921 10
760 30
387 994
887 962
854 888
309 317
135 401
582 570
470 992
216 690
551 521
699 250
438 322
223 744
133 752
398 987
621 965
949 894
310 776
370 31
725 999
686 599
691 811
764 819
582 740
271 919
756 671
43 28
997 211
971 616
124 65
803 614
808 924
953 85
628 575
962 157
476 316
178 652
506 257
17 522
859 271
865 974
406 900
134 407
622 34
54 481
436 155
612 220
799 996
302 580
133 342
304 856
530 553
616 437
178 208
226 196
283 439
35 566
877 483
679 557
539 102
813 635
979 367
160 848
73 20
36 980
202 444
222 827
846 907
653 35
896 760
823 471
115 994
171 852
335 233
597 646
926 964
288 828
934 679
758 955
12 147
399 765
718 469
614 218
266 770
339 456
124 562
654 657
604 452
719 949
525 732
489 484
182 1
148 145
557 75
245 943
747 613
766 195
318 46
38 704
76 403
827 333
855 411
776 722
755 31
332 884
314 475
333 397
171 62
893 181
414 854
915 847
864 933
186 657
336 14
651 889
466 641
450 26
124 101
398 490
219 347
367 963
995 490
812 716
542 509
70 528
638 586
293 321
575 127
213 410
507 181
750 243
630 581
230 887
928 31
722 771
796 30
815 290
527 158
674 638
736 235
633 705
317 425
17 50
382 620
844 641
757 864
922 727
172 35
925 960
84 766
748 37
877 455
594 703
260 609
547 463
840 707
468 268
96 47
790 305
343 609
241 987
633 376
776 622
671 871
432 292
901 955
994 271
222 561
850 262
562 146
871 156
818 360
324 225
366 540
747 291
694 302
626 688
771 563
6 812
617 819
345 656
271 696
419 493
662 315
996 401
655 550
395 372
497 846
684 54
794 530
65 642
962 432
67 76
802 41
986 314
733 543
648 671
685 668
872 445
377 769
194 857
948 329
773 265
631 453
777 846
65 940
982 145
467 108
132 278
687 961
599 152
937 216
214 126
18 173
200 728
990 527
609 876
902 961
706 222
117 530
652 771
369 801
26 578
83 527
680 731
611 37
994 423
406 281
925 563
765 820
736 722
717 689
577 486
120 631
227 701
66 613
490 297
231 319
457 416
455 597
98 434
440 357
448 813
89 557
582 19
657 360
550 765
184 966
828 503
831 816
63 666
687 535
234 52
987 542
552 465
129 416
516 564
640 883
867 728
44 738
101 61
257 4
222 700
704 427
281 142
505 949
67 381
512 542
823 82
774 370
138 400
690 677
506 822
453 537
612 534
777 575
64 808
600 650
506 921
803 367
608 149
332 813
423 70
471 343
858 293
750 367
453 824
256 361
55 539
318 13
3 996
703 927
225 820
688 172
392 377
415 288
309 156
313 217
298 911
650 248
319 791
266 368
911 243
220 888
498 886
855 790
948 116
593 259
460 318
104 336
912 685
881 8
204 827
291 86
282 605
981 93
138 665
108 415
880 320
18 947
990 773
203 501
352 937
946 343
469 282
486 759
782 896
179 237
824 260
884 558
294 750
528 650
179 794
933 397
529 177
541 728
528 281
451 634
507 125
839 983
823 498
255 156
538 334
831 967
505 313
857 524
701 643
478 516
488 516
106 223
750 860
658 694
518 477
267 58
179 726
578 360
145 922
989 2
556 380
331 947
312 34
141 686
961 526
54 113
756 75
280 46
558 321
500 649
785 859
38 677
755 917
955 343
354 774
882 921
928 729
450 277
142 583
90 828
517 537
294 386
684 254
133 768
952 77
873 179
712 207
416 284
304 144
860 479
244 52
934 365
375 531
104 31
87 334
368 660
241 154
708 938
338 798
184 830
329 783
76 44
441 665
78 678
70 534
644 321
972 118
460 290
71 120
695 834
184 356
410 845
133 341
672 9
467 503
588 949
11 762
902 683
666 179
356 753
840 970
359 517
917 842
844 670
882 773
139 710
912 454
72 675
623 770
434 562
631 791
654 346
58 621
961 952
871 405
804 466
552 139
899 510
637 952
708 665
586 150
988 262
866 742
707 694
45 963
59 107
426 698
564 964
966 740
629 822
595 250
943 700
33 741
585 432
745 299
733 792
420 305
594 138
733 139
998 164
927 872
572 521
248 712
963 156
983 65
39 457
773 387
981 608
543 297
161 123
824 421
682 975
55 579
875 639
542 83
618 765
186 513
522 999
372 884
545 78
219 243
160 713
223 131
292 803
65 225
686 957
66 90
599 356
378 344
963 723
948 44
881 71
432 361
867 137
625 122
717 938
421 125
574 13
524 606
616 391
431 52
22 979
758 425
136 370
526 35
395 751
454 14
956 964
922 724
302 178
437 868
843 378
41 75
232 331
823 389
473 689
202 465
25 376
763 528
379 967
657 387
1 487
610 421
991 608
547 428
109 913
516 593
166 862
387 543
282 363
945 25
755 702
665 170
576 283
650 574
124 599
145 866
154 976
746 86
196 75
768 860
436 762
96 431
595 775
372 404
233 970
470 809
972 619
366 238
976 878
427 38
564 621
87 16
452 499
275 410
424 800
846 807
31 679
499 679
834 759
491 209
637 226
765 429
345 290
384 738
312 210
945 444
501 687
668 481
942 768
228 440
319 835
316 551
964 628
17 721
90 441
553 551
881 402
330 616
241 51
648 845
485 696
159 955
159 765
539 485
995 231
852 612
89 112
240 196
275 16
985 174
434 156
19 458
238 706
313 745
995 965
283 449
636 754
257 558
57 748
614 724
320 74
304 591
503 731
58 946
577 406
598 612
946 101
303 736
144 55
398 716
438 905
285 183
480 255
796 551
935 832
168 332
273 489
685 281
373 285
466 81
24 651
810 790
408 362
979 492
690 320
896 463
144 356
309 694
590 729
774 480
650 722
524 255
543 173
249 513
175 873
34 367
700 887
189 945
826 438
742 7
379 559
786 692
197 515
254 972
342 371
641 200
998 590
820 922
805 903
74 836
660 963
552 844
517 966
855 160
255 916
860 538
958 748
879 581
325 742
865 785
955 871
580 409
274 439
477 604
167 384
352 54
47 222
963 545
87 745
623 523
78 714
22 552
667 293
226 79
212 398
787 892
365 408
44 839
579 766
692 775
435 278
757 807
169 454
559 81
321 643
895 233
792 563
792 964
979 194
857 738
785 141
970 899
704 123
710 65
715 605
475 400
572 34
742 374
390 667
999 294
181 590
533 953
917 346
59 78
645 843
480 505
392 843
339 302
725 390
219 772
93 867
976 633
162 206
48 172
908 258
430 586
324 73
366 836
607 782
633 391
172 5
554 552
232 296
675 230
487 956
418 133
789 114
229 396
208 305
464 203
137 763
444 977
272 706
105 344
225 855
985 697
551 254
661 394
756 520
631 396
377 937
712 430
389 519
200 642
933 371
47 924
855 821
913 470
471 972
22 746
658 233
959 843
122 846
142 51
343 110
611 414
756 861
326 482
873 671
55 845
130 762
592 305
320 148
655 352
126 744
92 904
900 409
957 88
970 197
974 645
593 810
979 500
311 433
140 229
54 615
218 785
614 623
959 941
852 80
853 761
213 538
291 224
109 665
114 207
370 667
692 791
669 437
135 819
252 164
395 142
343 716
913 38
201 243
755 564
511 490
408 307
262 434
192 410
107 265
515 318
116 105
776 850
796 792
965 130
270 840
491 519
119 715
615 198
512 711
609 297
718 245
167 849
633 419
779 83
780 1000
802 144
824 584
155 806
603 420
732 320
346 135
629 760
228 167
431 514
963 957
693 204
17 603
273 753
584 450
494 337
6 285
752 535
223 130
891 188
697 491
130 956
921 991
80 291
411 909
912 758
416 997
715 251
458 352
847 974
703 362
730 276
839 90
143 739
610 894
421 461
78 972
544 80
675 806
59 349
878 631
808 896
300 673
32 915
433 919
201 828
933 499
936 425
75 983
807 82
634 74
728 11
378 652
407 971
211 100
838 779
883 598
682 834
689 817
57 616
174 203
747 7
412 836
417 598
605 253
862 724
336 898
762 456
818 358
451 339
694 445
399 723
789 359
224 55
297 813
119 830
543 200
50 591
841 936
813 178
229 443
267 210
694 223
346 377
128 188
723 317
854 529
727 285
797 238
836 395
831 839
807 314
459 392
910 311
719 606
86 873
254 691
972 842
366 457
388 811
212 951
117 912
825 221
553 917
864 562
875 899
759 291
781 701
801 199
532 589
548 884
553 550
848 230
121 451
613 810
997 351
262 550
302 531
624 637
252 662
78 782
134 748
691 289
235 685
809 878
168 423
971 241
400 277
863 180
900 450
279 7
17 28
260 944
955 952
823 53
411 292
994 135
800 436
505 434
914 444
932 905
145 257
990 363
171 769
978 659
886 264
559 402
728 580
533 563
547 136
59 180
105 893
889 133
581 199
784 119
823 142
861 119
443 194
68 189
34 509
676 956
24 315
645 999
742 437
136 458
871 787
345 833
271 617
646 82
115 107
902 325
483 719
387 827
274 463
150 553
572 746
803 273
418 209
699 832
582 767
31 742
555 257
794 999
286 207
212 868
229 770
584 495
536 82
557 452
6 330
191 218
51 591
68 535
990 606
661 486
20 466
777 327
501 563
372 941
213 495
397 728
824 188
455 102
222 375
204 166
186 74
963 659
677 481
662 609
117 756
557 887
530 133
952 847
477 869
115 607
817 259
192 836
857 86
53 601
718 913
601 89
268 312
767 332
680 840
472 438
853 808
377 42
909 1
731 859
109 547
735 883
496 680
481 68
118 787
766 671
343 954
182 508
687 365
585 815
912 9
684 549
426 821
282 305
837 65
988 211
770 26
974 874
991 968
150 376
781 163
107 701
469 958
884 19
872 571
110 479
637 470
50 742
824 685
183 390
168 869
745 833
651 112
599 798
525 919
343 220
901 760
228 140
29 941
164 916
801 699
925 147
931 756
802 478
492 408
938 270
960 842
685 627
748 745
623 219
203 804
954 628
26 887
858 243
947 741
89 141
87 430
824 88
807 945
155 310
925 294
752 458
952 734
237 398
865 685
810 230
50 133
56 288
203 403
424 452
425 941
95 278
351 952
500 486
139 760
785 78
93 273
352 661
79 802
409 338
853 279
946 91
415 300
349 56
247 665
316 114
573 265
500 43
317 587
563 783
417 585
179 534
378 57
461 388
25 444
651 464
465 709
619 484
555 206
180 856
859 314
497 756
187 144
813 60
374 806
381 90
951 82
475 157
993 227
942 770
483 694
94 403
103 429
380 790
141 720
202 974
228 834
319 149
219 1
428 275
507 266
361 801
853 320
980 919
747 644
109 355
778 504
656 980
842 995
510 845
829 539
976 424
363 617
109 389
649 510
859 532
554 421
347 673
77 632
117 571
743 859
999 685
359 594
752 502
327 240
147 886
443 543
173 650
625 201
922 675
193 357
140 420
639 504
839 234
589 715
334 982
325 624
984 7
583 225
588 697
754 657
268 87
715 262
329 71
904 599
282 87
396 499
624 252
897 690
663 431
26 80
746 803
202 689
833 165
738 479
926 694
448 529
803 137
932 483
284 833
187 188
81 977
379 660
486 328
180 931
609 475
449 966
871 895
68 120
470 956
898 465
883 149
774 292
613 260
271 581
392 610
524 315
985 933
619 261
72 458
769 420
509 779
2 525
332 772
116 915
872 328
646 125
295 97
777 994
778 13
102 629
730 770
803 594
405 783
94 677
55 929
886 641
349 500
142 863
218 193
660 920
220 919
591 640
540 694
105 561
215 684
348 538
317 380
431 245
941 866
928 207
431 500
955 314
661 675
412 455
571 950
753 47
79 599
47 181
322 500
549 787
916 838
51 95
697 593
916 821
264 436
378 830
397 200
255 20
352 349
705 351
871 334
283 737
670 911
474 800
405 923
64 496
874 449
468 402
127 959
921 272
357 934
841 105
757 389
867 733
101 417
743 118
766 429
90 658
846 325
278 753
724 929
375 695
230 158
676 780
971 916
797 835
612 898
647 253
82 417
29 678
430 671
418 127
302 903
439 983
533 103
281 606
384 847
926 110
693 353
89 736
128 423
684 164
836 383
668 727
364 616
584 383
437 325
696 904
401 284
184 220
666 800
739 810
5 402
959 849
372 989
692 124
308 325
596 528
317 497
105 847
108 410
808 480
757 515
387 255
815 231
892 506
402 416
683 561
226 60
979 486
164 691
265 616
452 558
18 848
33 38
908 873
178 10
382 826
678 327
224 436
352 377
210 891
374 654
583 318
605 258
718 547
719 270
559 433
546 848
503 991
36 146
130 203
600 131
595 389
547 358
309 615
936 815
774 563
207 12
907 158
177 445
894 2
518 448
332 543
11 785
975 327
229 353
980 559
174 482
181 812
859 726
953 413
475 33
224 879
775 44
137 616
840 41
452 279
733 930
609 380
812 55
171 441
9 422
930 38
404 321
885 648
355 693
561 834
945 739
214 360
293 631
993 767
480 918
532 52
589 5
147 14
664 484
95 716
100 214
63 418
86 1
432 664
172 730
216 410
990 714
998 805
322 282
201 603
973 401
96 947
5 263
21 772
174 646
759 384
826 781
189 91
340 217
921 652
4 336
979 386
136 296
26 763
408 744
335 471
302 4
654 345
359 493
287 336
608 583
491 189
993 403
859 470
728 635
359 66
261 565
127 998
224 465
426 903
615 439
340 669
625 761
609 220
907 207
75 664
150 170
925 740
84 666
55 566
489 206
82 71
229 308
607 717
64 622
510 295
58 428
594 170
206 28
558 497
249 575
721 821
152 216
565 360
228 835
10 154
599 844
160 739
345 553
517 745
93 615
833 780
225 663
209 106
824 569
474 126
68 11
258 847
479 995
704 803
706 501
730 815
845 46
167 6
354 523
480 946
413 386
935 61
650 885
331 691
246 692
85 378
879 859
769 539
826 604
632 675
173 999
981 816
268 957
948 47
821 807
610 538
386 592
460 321
625 127
330 853
557 958
83 631
299 594
909 277
32 183
114 591
838 276
587 20
588 811
758 479
135 738
122 437
287 423
456 609
829 160
943 168
692 616
219 642
274 577
45 770
283 693
378 765
841 227
953 793
168 339
461 722
170 769
500 8
93 596
608 833
715 615
954 437
679 896
576 495
125 278
755 643
353 683
997 706
817 36
323 815
768 672
966 711
324 691
842 497
244 299
689 98
618 24
984 866
966 598
847 549
347 34
579 472
855 458
750 366
827 365
622 547
480 624
906 116
660 187
521 411
519 128
213 928
176 488
686 641
109 326
551 819
254 689
283 260
259 229
623 885
130 892
207 894
88 364
247 73
986 203
623 274
173 971
63 331
263 885
991 780
522 120
713 898
994 321
652 831
934 997
854 189
303 169
311 637
592 364
334 785
812 865
544 15
840 950
178 773
895 912
456 959
136 913
649 836
178 148
262 776
680 878
169 495
761 261
247 546
801 754
72 766
696 408
865 295
154 460
122 312
912 144
952 753
610 469
884 756
219 563
779 576
672 521
429 199
267 308
909 253
268 203
434 735
37 386
341 812
504 103
529 810
676 47
538 133
111 650
457 791
3 415
187 106
651 283
715 685
422 882
386 444
137 994
48 131
214 752
806 980
561 123
546 497
747 400
275 733
257 314
186 384
461 58
712 72
343 58
915 941
871 576
964 294
291 111
699 947
523 225
637 131
985 674
986 397
751 911
114 64
42 485
542 430
947 670
673 77
213 380
68 529
610 736
281 1000
364 783
276 565
939 287
796 444
910 428
768 389
312 769
976 280
709 798
252 555
492 122
535 630
825 974
463 907
728 312
411 228
840 978
621 211
783 324
329 339
113 452
185 609
120 552
248 605
890 20
840 801
731 812
201 873
148 864
240 961
631 783
746 567
32 989
40 56
313 996
832 52
406 27
232 960
196 699
503 809
896 785
164 89
284 787
610 505
316 268
145 636
656 486
404 927
187 25
996 747
90 558
766 383
14 878
439 231
832 833
874 196
529 935
159 228
73 355
794 261
297 875
817 108
230 187
196 127
345 675
825 617
73 716
758 749
983 200
510 490
100 354
592 339
730 729
14 496
73 558
772 966
555 478
998 244
665 306
538 544
625 39
746 335
986 510
935 395
976 184
851 648
142 869
822 390
185 454
494 184
811 22
8 329
981 682
327 488
795 570
522 862
160 303
726 214
517 450
485 620
70 522
756 809
635 168
1000 379
1 944
529 281
753 101
436 279
187 923
904 97
613 753
908 601
194 321
94 104
53 522
347 869
464 967
84 368
216 40
610 200
924 258
230 569
178 92
662 650
313 919
961 771
249 17
51 781
805 146
643 203
257 900
650 853
634 206
460 881
504 193
412 972
171 843
528 392
88 431
617 81
768 598
148 440
918 569
31 13
876 606
608 900
383 574
811 537
82 471
817 136
614 175
719 459
1 91
416 578
354 951
850 976
79 390
45 370
985 847
787 565
5 949
595 988
725 789
452 411
270 472
856 833
475 810
462 724
375 781
581 610
34 999
551 782
575 132
468 512
492 510
4 866
578 283
225 993
736 513
727 125
533 505
511 563
574 983
152 516
156 212
673 486
88 642
786 191
643 730
146 30
75 396
113 209
273 578
725 314
619 715
806 628
92 841
509 620
238 955
166 180
613 533
355 253
736 860
330 933
442 731
897 629
763 345
468 43
37 58
614 812
815 15
156 664
433 261
325 255
218 833
813 602
871 292
841 273
895 162
823 385
643 39
348 807
573 186
79 945
376 424
504 221
358 200
430 197
541 842
988 375
737 945
6 628
353 968
10 635
157 760
875 975
72 816
126 199
92 467
720 908
840 617
405 506
372 67
28 791
413 543
159 47
785 628
419 178
516 748
520 743
461 819
724 911
194 750
747 294
551 750
258 671
426 557
211 677
802 832
340 775
238 334
411 845
704 610
889 554
940 700
837 714
115 430
613 147
937 418
543 376
447 87
794 561
629 28
593 239
811 176
578 605
11 424
285 9
489 630
218 92
953 39
96 284
977 217
25 756
726 316
677 744
234 706
660 922
221 828
938 196
833 691
592 79
320 386
588 27
38 60
386 565
994 350
702 23
818 528
963 697
514 825
493 746
369 804
445 391
30 803
40 831
593 337
903 798
726 50
407 79
853 491
952 916
294 711
260 947
856 48
605 395
736 582
330 187
774 920
166 525
373 199
691 158
984 404
426 655
54 546
158 780
623 951
365 867
573 222
631 584
245 445
852 395
799 396
33 869
140 63
508 705
257 893
685 277
981 69
28 708
712 653
859 558
262 377
227 409
943 530
675 400
253 228
948 900
621 469
757 308
443 308
797 925
979 870
230 156
254 790
400 513
607 790
976 544
614 118
357 23
767 604
290 48
988 927
20 921
962 638
615 408
712 73
988 782
95 564
208 216
232 238
195 482
487 890
627 487
777 796
651 47
52 264
34 815
906 464
490 627
21 404
107 515
246 765
30 722
90 409
329 743
881 434
192 697
100 786
439 502
216 303
913 383
27 233
484 512
70 713
784 584
80 559
188 284
943 412
17 108
680 700
493 607
222 39
886 222
135 660
852 858
529 457
912 498
926 816
611 802
390 637
874 400
605 256
201 74
537 736
442 356
139 268
692 720
969 77
328 323
573 339
996 786
745 534
945 212
305 117
359 393
244 78
157 593
797 351
732 171
159 395
477 448
261 531
387 1000
814 833
484 428
780 881
893 984
31 441
164 137
436 527
93 381
461 76
867 985
323 119
551 519
163 990
935 676
395 855
834 537
500 517
893 58
125 144
971 656
788 442
276 150
595 944
431 618
472 633
275 470
564 512
725 594
950 344
261 371
623 491
263 4
401 476
882 15
579 245
800 742
110 857
730 107
273 666
60 678
223 170
705 703
816 624
178 537
51 477
367 651
599 460
565 204
630 769
826 664
449 155
56 291
511 973
939 536
670 664
929 514
514 656
623 664
202 196
517 267
353 336
540 188
465 894
305 725
69 372
179 204
163 647
506 699
444 248
100 13
193 440
83 79
308 927
153 858
54 763
690 83
880 862
54 746
809 359
849 690
888 296
481 214
785 510
750 100
946 822
442 235
685 349
410 333
784 178
782 432
275 969
105 628
849 604
277 27
25 50
408 166
101 564
291 339
862 542
684 298
557 52
595 129
23 632
569 542
950 109
328 940
440 742
668 982
116 779
832 588
7 164
824 588
771 763
319 424
194 988
581 720
151 579
604 151
717 400
55 553
313 58
208 160
996 217
635 523
401 559
811 228
78 485
477 273
869 422
928 472
927 538
736 274
735 314
77 787
786 862
56 559
668 265
62 8
851 901
89 238
472 226
203 82
131 497
117 568
938 404
542 350
994 298
65 6
502 125
305 535
714 957
696 160
914 171
643 507
436 411
899 773
740 745
778 906
984 155
623 700
420 183
238 666
277 522
204 606
724 357
282 176
253 667
127 166
808 216
148 793
40 98
520 172
944 904
710 227
947 303
269 999
552 221
74 129
827 965
610 463
830 728
500 155
709 297
267 266
527 600
810 684
905 880
253 878
292 830
205 715
689 134
139 165
288 973
220 8
771 936
489 57
141 608
556 321
98 863
739 633
765 70
875 522
289 995
253 402
881 585
785 709
100 315
690 925
530 838
896 36
436 997
354 698
725 921
601 747
879 160
937 745
424 948
405 671
85 427
893 452
308 78
590 348
518 457
635 885
337 714
527 437
33 177
397 688
735 310
293 367
795 997
118 476
670 423
235 528
238 997
403 656
705 784
854 179
402 431
209 868
558 695
596 622
231 437
748 865
108 448
790 538
856 386
235 975
148 846
990 77
776 323
155 142
705 225
93 342
314 549
520 840
518 823
387 307
980 82
119 537
992 928
511 328
761 101
465 608
880 885
792 408
771 423
684 573
560 627
372 49
724 206
49 498
379 855
73 500
438 172
370 558
192 454
508 416
63 614
824 806
533 130
721 993
42 943
663 515
150 434
998 150
90 947
368 817
646 818
974 95
208 330
851 400
759 588
850 808
251 861
587 807
756 642
663 854
475 787
263 548
825 15
630 250
57 117
668 595
229 927
639 1000
432 767
108 608
368 765
947 304
655 196
125 719
915 107
157 909
544 335
14 103
240 150
412 922
605 859
861 753
327 181
977 640
304 770
492 438
583 900
476 512
113 506
666 624
407 82
13 247
92 592
827 559
511 14
295 973
942 629
814 283
874 526
767 473
473 579
386 90
350 283
429 152
472 451
917 643
376 481
913 740
845 737
538 251
97 409
885 160
639 112
390 758
528 61
693 797
434 592
945 365
873 377
15 950
534 470
453 57
705 407
784 373
987 286
185 776
319 381
525 514
195 163
915 602
898 404
737 420
530 895
330 427
752 572
841 582
327 567
185 234
479 904
546 245
858 259
181 30
935 389
403 12
629 656
464 494
125 347
161 450
398 273
683 174
938 266
77 878
388 239
725 706
273 840
835 158
268 773
894 959
347 552
241 109
756 652
189 261
854 25
398 51
683 227
761 647
255 525
982 445
711 273
658 415
967 171
806 239
991 33
169 250
781 419
88 825
401 31
829 750
477 812
784 600
730 428
188 400
981 349
496 201
273 374
793 591
131 80
334 617
444 249
619 813
66 679
843 293
15 263
420 114
900 676
675 418
340 297
830 652
615 910
591 901
799 327
837 144
838 235
658 517
935 775
538 223
633 219
409 111
174 291
693 881
335 977
921 888
182 254
718 476
224 32
831 711
262 326
512 557
362 978
200 9
281 328
875 656
886 975
450 448
595 158
774 207
868 702
391 661
90 794
21 360
519 153
707 137
933 759
117 884
704 853
228 954
215 791
664 451
5 53
831 121
925 484
564 292
730 76
116 22
75 305
113 70
540 733
82 827
891 179
195 616
325 697
877 124
990 677
756 783
388 481
492 887
411 896
79 764
643 621
593 734
226 897
984 817
970 256
58 838
574 134
995 943
890 219
361 783
892 573
41 189
424 51
505 821
675 954
912 280
182 670
454 403
738 6
305 682
168 199
813 745
76 424
562 427
598 597
158 550
58 762
242 964
98 651
709 441
819 665
583 400
434 649
73 479
348 712
927 391
574 604
187 176
858 647
340 914
473 567
950 223
534 414
558 272
142 519
985 824
747 425
211 302
271 641
73 650
293 857
665 267
976 981
868 707
941 265
689 496
690 949
358 741
767 523
977 61
797 330
138 217
431 956
110 245
95 611
82 618
603 52
930 220
536 123
350 567
281 864
790 991
147 75
61 657
432 675
243 470
293 366
503 365
808 633
865 888
46 242
272 6
464 611
908 652
214 206
246 32
909 310
126 730
1 793
754 463
903 792
373 931
838 375
932 857
848 551
5 638
407 958
193 502
140 219
892 688
199 696
600 218
723 834
117 95
672 644
970 939
915 7
897 473
995 593
357 593
508 707
804 16
469 703
918 8
903 476
952 493
589 759
680 173
429 486
909 988
713 43
707 446
272 431
861 483
936 966
21 236
150 448
409 842
546 413
84 588
395 427
125 424
582 84
897 45
992 493
667 711
963 316
12 432
31 340
915 577
59 210
185 860
702 667
997 965
586 620
769 388
664 238
993 614
522 244
896 151
335 659
837 573
161 180
453 804
256 352
426 176
29 117
226 676
716 461
807 170
240 286
371 596
416 213
398 421
860 528
259 609
887 201
194 86
288 31
287 722
331 83
501 431
125 703
551 391
94 310
611 360
848 854
853 171
928 94
782 105
406 638
288 253
51 975
592 143
179 69
770 544
700 673
944 883
709 573
85 181
145 955
456 557
808 258
114 997
814 280
49 674
28 1
974 546
390 627
122 347
194 313
879 867
295 818
616 797
256 679
383 289
413 596
159 80
168 445
442 68
302 570
64 766
641 354
783 987
276 451
667 562
104 586
396 612
115 74
6 239
525 513
285 316
125 79
417 236
254 899
314 348
299 128
30 112
381 260
309 39
882 299
669 327
726 408
402 256
380 92
437 387
95 699
29 89
357 380
87 327
825 42
474 184
242 172
78 574
924 810
856 912
431 330
214 78
327 485
134 399
891 150
490 773
152 602
908 709
527 29
22 607
829 325
612 171
557 854
902 477
783 308
566 684
454 138
717 528
28 219
985 232
666 597
903 864
683 558
250 214
895 826
753 725
420 236
499 557
728 53
325 169
41 866
373 189
28 616
321 530
30 13
202 311
444 472
529 870
76 967
844 857
49 57
267 462
788 548
657 98
996 647
997 682
854 813
909 996
721 664
786 262
777 670
408 215
417 287
1 88
885 663
223 679
59 846
423 289
315 696
82 357
154 630
600 730
820 651
712 52
215 67
733 898
293 821
475 958
662 390
391 660
312 273
371 750
651 848
418 389
717 31
540 568
834 797
989 843
912 176
262 685
602 144
177 891
948 534
221 838
904 290
950 969
402 179
576 746
113 797
578 56
670 472
543 874
144 518
606 474
329 526
312 828
633 600
939 489
339 741
529 373
527 230
269 178
572 461
476 602
536 587
558 520
796 133
657 201
970 144
829 75
482 854
155 164
5 136
726 701
395 629
538 495
463 98
11 549
141 307
948 375
697 794
934 537
24 920
10 540
806 465
128 630
166 710
580 516
562 59
361 330
625 665
884 946
874 136
126 85
842 362
336 535
641 426
21 56
793 23
833 962
413 830
620 698
567 93
953 473
347 38
384 44
298 750
572 51
141 832
993 98
804 68
920 61
977 60
12 755
346 101
125 282
741 60
449 660
450 199
342 473
324 572
663 259
310 635
830 354
150 976
579 62
764 226
975 29
571 342
845 351
388 160
959 171
75 388
235 585
468 662
251 14
475 599
90 384
75 476
973 507
746 951
652 932
191 386
877 95
790 830
203 112
757 697
313 528
191 531
319 558
331 148
151 865
131 572
639 522
52 794
680 707
430 352
165 5
459 808
134 768
487 158
52 649
623 722
373 83
525 199
174 15
201 83
771 91
735 682
494 608
856 656
889 30
211 6
158 515
340 354
639 78
271 342
573 332
991 589
426 859
862 698
760 156
196 496
824 953
219 817
206 41
906 675
138 265
853 782
158 844
457 629
404 84
578 875
119 649
889 602
512 645
484 571
493 468
383 832
150 547
449 598
285 456
751 181
589 314
220 675
120 503
46 995
697 686
747 690
146 673
552 932
630 985
758 666
759 767
299 69
750 486
255 780
646 237
778 445
156 808
512 193
34 669
218 174
695 592
256 399
521 149
941 816
963 776
640 293
803 851
199 202
701 207
683 249
48 944
969 980
38 95
496 226
777 477
501 351
397 436
931 355
810 159
888 851
333 866
620 378
964 900
342 528
164 272
645 367
504 971
142 491
616 608
343 963
70 121
952 546
183 826
644 824
693 506
558 802
559 463
62 749
746 578
202 642
897 588
209 917
472 412
653 892
173 145
391 350
33 774
213 752
382 25
959 380
281 80
27 628
379 885
15 771
35 65
418 843
723 44
998 86
391 640
54 353
24 285
379 366
337 170
465 509
507 277
262 283
585 412
987 272
760 918
542 818
551 512
811 991
945 661
765 12
432 800
949 837
396 843
698 455
826 240
149 397
853 277
959 444
797 305
376 637
394 356
472 636
298 984
686 719
526 608
432 526
968 976
4 650
167 238
575 253
777 142
461 397
617 335
657 672
711 493
413 298
199 281
356 308
138 579
113 103
769 931
459 5
230 832
1000 383
263 953
13 934
790 742
522 700
503 453
89 433
259 911
174 67
209 888
672 112
505 161
602 753
94 77
80 532
912 216
136 301
853 416
231 332
1 753
659 331
738 96
403 793
904 722
173 467
176 633
250 326
73 199
715 272
516 327
165 831
762 221
752 484
657 415
610 409
371 407
136 922
466 385
709 451
177 242
605 146
840 388
145 604
220 176
573 372
131 641
336 925
482 759
11 887
399 708
736 222
441 865
334 43
383 570
258 695
392 765
267 175
716 918
901 548
44 27
228 840
747 243
419 585
628 233
404 611
225 682
982 894
980 814
664 354
694 20
452 391
436 780
953 158
276 181
902 33
209 254
427 67
247 322
263 473
642 738
863 628
848 467
170 227
798 993
568 879
422 469
6 276
216 460
696 982
420 766
630 547
556 706
317 338
389 805
873 578
344 304
74 633
210 771
578 57
445 14
87 569
553 749
937 463
414 337
433 607
439 860
61 79
924 499
784 582
532 760
89 43
965 666
520 175
969 161
248 264
454 797
412 957
70 65
932 164
516 315
850 477
62 677
176 756
500 816
754 877
481 247
339 145
819 667
141 443
510 106
698 478
520 540
681 600
874 137
33 959
383 585
615 146
809 6
582 345
159 184
699 684
354 996
81 868
282 911
376 872
231 538
509 916
284 959
742 226
10 187
484 246
964 184
432 793
909 745
980 37
31 402
927 965
342 367
111 166
851 727
953 43
590 304
668 586
480 851
281 870
765 278
53 138
754 9
812 681
389 136
122 943
178 589
582 967
327 428
130 1000
94 457
244 327
777 87
544 294
303 199
450 793
523 852
878 329
660 644
610 571
403 661
223 124
208 715
41 509
294 793
140 503
820 369
566 661
607 43
5 747
210 623
334 564
839 853
335 754
495 739
279 226
434 841
509 387
426 363
519 1000
297 455
995 568
271 365
173 172
28 593
586 71
219 530
550 746
861 912
637 632
47 483
308 528
110 744
36 203
845 587
438 163
561 412
97 348
595 205
981 268
965 323
698 206
443 441
483 756
64 946
712 498
713 267
112 910
149 263
924 691
893 18
930 28
39 216
776 265
83 311
732 263
95 577
242 55
738 912
411 526
780 653
750 487
769 676
811 33
632 514
461 488
100 56
743 955
669 52
851 977
934 440
627 694
406 609
959 863
48 945
783 173
531 60
215 575
74 689
795 883
498 593
929 649
677 379
914 95
921 777
868 490
728 317
729 100
863 118
883 987
331 256
39 979
465 790
948 433
970 169
309 245
183 644
900 316
648 429
482 799
791 58
334 643
529 239
876 194
714 37
71 608
311 145
351 752
559 447
373 328
839 607
589 776
291 93
572 58
790 97
776 559
901 813
791 393
650 623
869 979
40 374
125 473
785 560
474 723
326 592
737 223
547 861
738 624
225 419
608 671
300 59
984 944
2 685
167 677
137 796
116 819
93 89
766 173
949 979
143 89
634 803
263 359
285 427
215 46
213 479
113 748
609 743
424 849
955 479
835 101
439 727
742 916
191 150
543 717
750 387
588 490
189 401
869 287
860 951
981 693
69 939
674 799
679 18
856 536
557 690
997 443
502 843
381 838
756 204
61 840
342 779
886 480
999 535
692 205
895 966
435 769
201 558
990 679
445 459
476 487
442 691
114 948
247 624
31 551
197 331
758 569
576 844
938 623
577 421
302 14
984 417
822 961
519 931
331 522
335 66
247 662
840 544
625 817
774 759
22 8
406 171
136 923
3 527
222 579
851 17
68 365
803 146
141 487
419 157
150 287
854 803
141 632
237 739
823 124
291 343
755 858
759 239
542 901
690 610
693 385
569 659
327 903
510 523
138 503
150 744
120 449
107 845
290 487
882 333
369 358
205 248
997 108
47 757
293 20
125 801
574 766
575 131
669 218
446 77
964 394
534 940
703 473
388 206
963 818
747 923
78 651
796 370
686 970
123 46
644 302
238 973
904 179
869 533
156 64
673 362
468 850
86 257
159 257
697 348
723 732
709 977
325 984
326 419
862 241
130 726
648 7
478 254
49 526
762 973
515 825
537 785
919 203
870 703
853 323
321 722
217 481
880 111
992 553
908 262
149 588
791 13
227 536
732 741
487 90
415 265
577 306
227 617
297 976
297 197
783 718
145 686
849 658
134 26
979 115
887 906
943 916
982 890
889 649
419 40
993 147
281 15
693 850
515 258
475 321
516 745
422 840
318 905
275 365
430 539
825 571
936 636
738 568
729 939
38 651
959 273
823 870
241 494
761 131
52 386
452 484
350 683
850 723
155 907
281 743
219 256
845 460
683 497
976 133
194 222
692 321
86 976
578 676
57 206
475 555
647 747
62 89
123 93
363 586
750 309
493 963
332 455
878 852
860 813
147 810
752 143
709 804
507 984
880 350
787 250
832 401
230 920
321 924
471 715
964 930
767 697
757 985
563 144
891 815
494 152
694 811
682 270
757 842
758 61
933 673
282 144
832 81
538 449
171 151
960 19
980 94
265 855
426 950
596 46
689 964
632 542
71 524
954 480
790 90
262 483
344 534
413 819
571 361
866 679
225 277
409 990
49 71
747 360
345 984
468 600
823 55
450 959
150 455
188 526
82 9
634 554
822 501
741 747
711 967
953 507
275 739
766 292
405 876
11 237
311 20
877 620
128 15
536 444
144 493
702 617
775 231
209 180
194 768
11 378
116 508
550 549
253 291
833 358
826 333
384 808
59 598
78 438
6 435
35 961
232 98
342 507
954 745
630 846
229 923
947 608
929 61
158 409
808 826
781 729
85 316
13 559
730 3
951 749
458 462
847 872
563 666
713 928
973 622
527 171
765 908
630 631
331 178
557 896
782 31
970 327
359 520
347 908
386 820
539 230
795 144
407 110
528 629
654 213
782 910
179 247
364 201
330 73
666 751
640 786
535 451
166 546
848 661
406 29
706 623
84 943
377 163
386 201
116 376
991 873
637 938
344 579
550 535
572 59
984 659
524 236
791 666
864 505
615 68
980 455
486 184
336 718
220 460
258 721
745 315
430 595
567 22
174 648
24 398
868 567
887 697
732 454
312 393
135 283
983 183
3 957
800 541
695 400
458 689
76 320
3 970
116 577
211 815
513 873
660 1000
536 182
241 144
56 719
761 937
668 435
760 596
670 699
247 414
308 2
882 923
534 880
941 786
411 779
854 29
15 133
143 496
754 161
866 487
186 853
260 60
388 9
448 308
571 902
207 431
381 822
313 590
867 19
212 324
10 191
576 943
193 145
545 996
674 704
753 889
204 567
188 428
725 243
748 52
618 501
957 448
463 139
601 302
714 247
511 191
948 692
681 279
371 409
98 739
211 448
563 791
840 432
106 612
382 59
699 343
267 926
869 249
416 436
438 680
704 382
816 280
465 334
29 581
102 5
853 851
784 198
718 339
423 333
119 706
954 956
428 229
945 981
860 224
992 424
276 81
519 503
208 391
67 460
750 723
806 865
203 700
132 624
379 351
128 482
864 961
156 413
431 895
973 242
778 480
838 816
983 441
290 710
646 171
557 516
975 789
303 444
621 337
327 458
373 568
815 465
427 496
781 737
269 461
648 590
454 971
934 449
900 679
602 433
109 731
937 332
60 421
639 149
191 585
710 427
839 77
112 28
278 327
653 777
415 746
553 397
855 253
826 923
650 193
539 174
712 373
687 94
196 987
706 943
848 400
662 680
844 523
889 406
136 602
857 688
73 225
944 540
693 959
288 740
515 103
516 436
130 27
852 492
451 461
519 676
451 346
161 431
407 710
111 748
42 805
478 853
767 395
680 467
699 81
93 674
940 925
580 180
854 959
251 598
586 997
716 948
628 88
349 585
777 520
155 876
764 936
837 692
894 319
275 311
133 829
579 261
870 260
253 286
404 952
613 238
118 580
638 691
716 745
648 313
169 634
347 542
998 555
750 440
455 228
77 818
891 226
345 202
551 14
113 102
605 961
470 338
316 844
208 717
901 76
709 803
123 442
911 823
758 272
977 671
446 682
164 511
37 119
365 426
8 171
634 149
223 21
156 843
395 517
721 141
560 909
342 634
515 788
832 176
795 36
541 600
377 21
340 399
782 802
269 616
139 393
141 251
988 418
808 72
183 832
684 939
371 416
693 915
284 851
427 547
846 290
171 550
67 729
379 731
508 445
166 191
148 382
538 898
135 16
102 973
491 710
384 156
167 643
833 931
76 332
101 139
196 145
713 265
785 884
609 360
572 596
594 508
540 224
262 44
43 159
742 799
301 603
51 696
779 17
785 918
200 434
976 211
157 60
582 775
492 429
932 850
755 337
973 186
703 17
414 548
844 169
846 555
939 135
687 621
467 646
416 88
643 651
570 937
497 419
557 733
503 333
97 758
4 70
99 64
299 514
946 354
567 49
405 863
327 176
757 523
527 219
616 468
43 369
804 707
71 316
790 426
155 859
540 197
18 731
611 808
278 105
64 421
461 253
168 131
611 953
832 954
524 800
582 106
819 676
213 765
382 28
63 675
410 371
513 386
241 873
992 614
206 153
488 926
889 677
112 718
719 933
666 211
870 19
194 720
726 730
547 76
738 737
996 461
765 152
149 570
219 60
458 988
475 86
3 815
746 295
821 279
899 154
760 887
655 912
345 503
601 659
241 262
96 527
738 946
479 772
261 209
506 674
90 37
697 251
56 237
756 530
43 921
959 159
412 242
859 283
949 201
554 295
995 331
498 913
964 694
278 108
513 522
430 118
41 281
960 609
233 730
375 362
892 304
855 956
587 258
4 728
109 186
381 821
240 183
203 61
131 296
66 477
338 732
658 43
492 85
937 224
386 870
867 99
718 741
209 893
946 366
31 656
948 480
625 181
2 438
670 173
442 689
596 274
523 940
766 966
649 462
934 870
187 751
169 296
575 912
828 646
466 346
411 487
451 690
801 691
847 961
119 226
786 716
781 98
509 329
827 812
735 751
706 995
563 790
699 623
106 151
378 592
789 472
257 191
168 270
956 156
192 404
50 974
713 22
141 485
624 439
239 262
918 167
97 297
225 348
64 734
854 801
980 484
304 77
227 137
175 698
702 885
18 354
185 685
565 547
927 204
958 594
681 197
656 858
865 59
519 7
923 938
504 104
746 283
360 466
363 949
159 628
72 294
271 846
328 688
968 279
673 812
67 237
750 306
6 376
869 416
281 655
765 271
329 839
353 802
755 265
318 780
498 949
389 802
526 925
35 898
90 347
838 989
647 627
661 662
460 377
725 451
284 143
507 830
991 741
416 878
784 249
368 407
528 559
88 86
955 77
641 256
916 794
658 734
317 787
585 547
438 521
934 898
663 192
387 477
389 949
663 49
279 328
945 308
413 758
138 759
748 319
146 81
993 32
281 145
83 40
32 948
984 733
378 628
487 314
456 470
440 827
240 637
634 677
163 209
326 527
423 575
900 842
480 443
98 998
262 295
769 145
698 809
265 677
10 215
964 20
819 811
785 655
864 128
58 59
595 784
46 600
341 584
620 709
580 325
763 239
273 82
38 619
497 203
252 91
18 511
773 381
725 532
718 929
664 292
578 374
561 620
173 569
449 394
89 163
852 760
355 32
782 231
394 748
783 74
33 920
128 112
878 319
682 490
283 508
578 139
544 7
123 298
684 927
735 99
921 675
420 150
373 942
302 362
305 646
966 189
155 132
411 134
397 255
681 76
573 102
379 400
369 648
649 558
176 516
571 397
700 111
149 735
226 482
409 130
16 108
277 379
688 684
659 911
895 429
681 767
520 571
461 895
429 481
805 518
556 396
478 822
707 520
823 934
202 956
3 677
558 305
224 600
565 539
358 299
125 20
287 741
932 750
560 34
32 516
152 24
816 15
566 127
567 466
73 570
918 568
372 610
626 829
137 858
20 134
497 247
837 969
911 342
172 600
618 568
838 889
858 75
354 577
91 936
420 674
384 584
132 254
10 815
216 391
442 969
740 506
373 767
492 602
929 797
701 497
574 97
84 501
255 332
592 320
796 90
299 914
325 926
588 788
607 8
296 172
260 783
302 134
905 747
911 552
805 21
779 902
62 518
378 859
457 72
990 162
168 245
316 405
455 946
641 554
715 761
10 683
249 863
491 812
433 32
236 563
662 947
793 768
536 159
945 205
875 908
876 483
606 780
37 575
871 216
653 357
233 220
620 984
570 325
354 390
964 546
832 712
963 398
232 388
675 2
785 710
738 766
707 885
485 79
858 491
609 651
641 176
474 99
388 951
959 440
425 366
548 577
823 729
204 399
441 971
483 982
467 839
216 581
720 27
90 34
794 880
490 599
661 512
20 504
938 135
777 3
941 784
901 831
821 202
808 679
773 87
497 334
709 873
981 916
855 398
640 692
832 428
271 463
517 483
222 123
421 475
100 531
206 238
913 126
622 760
487 951
898 134
585 28
64 228
213 973
165 938
376 293
838 451
253 609
110 986
456 733
828 109
989 290
799 444
781 97
325 37
382 174
516 466
595 315
23 802
605 238
936 869
131 645
687 837
926 576
31 100
768 558
864 391
645 916
653 393
819 929
894 39
712 921
737 248
258 691
940 955
297 847
673 592
883 237
530 955
860 226
307 9
404 8
872 656
45 362
836 11
784 486
105 784
600 846
655 582
95 629
579 440
474 337
694 923
769 368
215 488
475 851
630 773
523 289
464 92
265 49
543 674
838 822
34 878
826 498
756 631
367 16
975 791
156 189
143 417
181 798
739 796
795 542
928 189
569 189
237 471
455 32
368 394
263 195
497 362
32 81
855 579
734 656
960 765
479 319
155 413
249 362
47 155
840 899
35 739
625 199
718 932
365 452
557 966
216 12
288 425
140 337
956 984
688 906
174 901
156 656
184 729
222 881
904 754
923 190
482 962
838 47
880 241
878 860
187 379
207 116
989 538
87 81
563 964
326 866
633 8
518 942
344 573
715 542
76 992
58 375
442 150
107 750
419 186
318 908
447 744
602 599
780 816
361 248
287 768
346 332
257 469
901 516
974 74
630 52
33 270
215 98
533 73
575 925
59 734
923 905
836 659
845 120
994 786
21 662
522 173
68 663
108 996
659 268
474 202
592 793
705 606
122 568
963 898
638 512
829 565
939 157
796 290
247 64
316 991
333 535
83 828
74 665
644 269
812 971
501 326
781 404
658 481
416 796
990 794
645 229
597 156
518 50
682 378
920 989
999 937
302 363
508 900
142 272
240 990
151 273
174 929
731 840
645 552
403 853
974 921
122 321
808 74
292 123
820 830
96 385
188 180
406 231
45 861
118 701
249 834
306 267
514 228
291 165
537 701
496 613
742 326
706 808
620 870
527 367
849 524
852 369
561 587
128 885
534 461
917 443
888 69
524 243
712 915
417 361
968 325
370 267
248 907
798 353
821 169
508 155
38 189
940 698
359 905
915 948
404 439
542 245
289 113
773 463
354 601
560 563
323 334
698 270
795 696
155 537
657 703
837 857
623 200
886 618
887 199
968 663
454 902
660 821
593 101
317 406
890 456
191 429
454 785
327 29
330 771
939 423
248 648
211 686
601 132
602 375
450 744
455 377
57 570
297 107
830 863
482 57
853 38
544 348
235 787
487 703
572 498
865 632
402 406
933 859
362 402
913 34
403 768
867 295
10 886
581 509
377 55
692 954
142 415
308 899
535 476
495 515
256 636
316 406
443 690
598 548
691 194
322 867
896 746
344 983
733 323
515 16
679 797
26 111
211 41
534 143
258 394
181 390
706 780
555 781
408 249
244 86
210 34
267 56
103 301
395 124
695 41
58 414
96 197
258 684
318 580
10 285
162 432
521 879
738 767
673 548
214 388
971 827
897 188
363 335
955 354
974 38
777 582
997 995
408 921
214 503
159 402
937 776
310 794
648 757
441 89
958 918
190 380
122 670
825 963
276 781
994 487
952 314
925 25
973 301
502 847
753 131
181 682
494 419
132 98
351 126
371 527
951 831
916 546
810 237
114 718
23 264
271 767
744 873
708 716
877 179
420 820
496 402
739 46
886 131
902 676
317 156
265 545
218 707
19 526
447 499
549 930
623 785
687 52
965 818
126 502
702 602
990 159
885 107
231 41
912 209
804 455
400 901
88 21
867 545
941 686
729 512
894 333
914 658
555 984
47 501
129 507
349 320
844 756
466 156
616 518
710 699
37 675
152 179
435 984
497 377
617 978
976 895
427 41
580 113
618 460
911 491
859 42
315 924
744 378
48 305
358 978
642 767
882 216
114 46
649 265
996 80
744 137
375 181
711 575
659 352
471 646
203 876
886 401
170 127
777 173
445 807
673 12
75 310
510 971
204 146
351 461
668 257
981 966
657 528
30 530
640 738
952 722
242 428
136 1
100 978
446 290
963 596
682 500
900 67
189 4
263 521
468 973
731 577
773 876
654 225
550 406
143 612
771 327
990 89
154 335
377 126
550 481
273 331
700 470
645 563
408 718
983 437
527 563
40 505
538 280
649 641
782 615
503 94
537 672
221 87
957 707
376 32
893 709
857 599
972 216
897 824
511 434
528 37
617 515
889 870
11 918
177 98
234 85
897 937
898 130
936 977
30 703
738 581
776 890
82 33
979 853
945 101
818 493
529 614
970 560
954 157
333 240
708 396
780 817
195 211
859 872
107 527
54 10
538 847
390 8
30 35
641 78
312 324
514 590
981 895
975 551
851 621
854 668
656 525
349 872
78 350
671 463
233 727
345 301
458 756
609 924
683 501
134 303
953 680
632 602
178 582
674 835
489 927
136 797
402 126
902 947
317 369
507 879
694 561
853 144
247 865
428 957
912 718
431 110
198 303
951 871
347 823
739 25
153 734
902 733
563 359
122 253
140 492
322 459
195 875
252 904
131 243
425 978
373 940
763 380
178 138
241 170
142 273
348 766
387 426
10 851
619 861
670 875
69 308
969 382
53 875
648 261
675 556
468 310
698 663
678 417
457 35
314 668
903 580
117 201
67 956
883 574
990 486
188 804
262 269
410 282
893 745
486 1
568 954
326 990
79 178
891 991
889 770
317 761
605 70
127 588
827 52
167 559
187 213
392 811
390 458
379 589
71 959
816 178
525 534
160 694
50 758
439 552
542 875
319 214
410 734
915 951
863 917
264 707
245 794
358 523
785 907
333 327
938 286
389 70
51 923
34 663
881 472
121 512
256 389
811 437
7 680
138 937
324 828
437 763
665 920
155 294
251 145
795 175
662 615
630 415
702 56
351 170
597 206
913 263
986 983
680 534
290 641
826 892
611 510
574 246
8 147
908 574
691 438
303 964
986 582
571 261
727 344
313 784
818 783
969 649
255 428
771 415
173 224
97 838
136 646
525 619
550 297
348 881
916 179
993 396
758 140
597 770
391 455
857 749
452 823
511 276
719 275
837 164
486 82
509 808
790 122
997 558
357 975
462 701
1 171
614 297
841 899
932 302
207 319
277 127
650 763
300 627
63 898
410 528
712 944
324 446
626 746
989 444
72 343
709 729
727 360
231 601
894 491
73 587
721 855
371 874
634 812
176 332
158 76
752 939
642 617
493 323
828 860
650 428
467 984
447 150
967 607
149 504
264 846
502 674
798 911
690 812
289 141
73 822
170 152
370 65
467 822
216 502
768 349
406 919
833 377
783 31
507 166
496 181
792 450
320 451
374 138
200 877
991 41
244 674
197 909
789 653
621 28
71 255
91 709
259 497
633 566
174 869
592 445
848 599
957 107
762 5
231 330
623 784
973 961
425 699
466 345
24 899
495 681
47 62
839 937
309 942
98 767
780 89
693 968
909 827
81 592
166 900
119 952
486 201
569 843
876 449
849 587
841 959
200 49
439 882
758 596
194 563
33 759
987 370
56 592
375 59
6 583
15 688
167 981
246 886
651 904
194 981
237 913
682 558
152 449
453 355
315 107
930 176
359 941
91 244
259 896
702 436
703 965
483 382
981 739
428 549
40 280
753 332
555 210
461 427
726 153
587 709
803 896
238 871
129 753
463 646
320 432
526 864
342 769
949 359
610 529
762 724
981 950
915 402
237 358
75 23
28 135
449 166
628 812
990 975
481 333
298 397
421 843
523 892
212 459
269 60
240 948
421 321
294 721
957 399
108 251
27 871
636 673
793 732
120 840
177 135
657 381
789 392
292 208
679 804
369 874
496 635
741 911
410 556
617 625
511 194
235 294
551 351
679 949
560 991
832 788
282 381
637 735
163 939
767 844
435 793
20 681
149 11
546 426
33 455
794 358
237 706
591 163
764 565
765 236
585 350
737 395
333 64
775 105
67 428
267 862
675 173
824 625
590 24
745 17
929 202
510 699
538 774
626 537
671 462
90 105
219 263
204 465
117 848
423 177
229 866
161 386
881 307
934 263
782 379
881 396
801 438
42 22
899 890
965 453
324 872
164 517
881 29
182 827
285 579
151 217
695 920
221 581
260 135
208 592
470 774
161 974
92 982
900 430
705 9
726 865
658 129
753 773
330 94
347 980
488 247
766 238
681 889
287 396
827 907
774 918
477 14
960 104
287 285
884 767
996 913
899 292
813 342
106 234
402 660
956 290
46 302
323 763
654 681
694 362
382 454
756 365
6 872
797 915
135 12
91 368
216 737
94 829
857 789
577 861
7 86
440 452
512 668
271 749
976 937
637 438
12 575
416 400
474 394
57 418
446 994
404 433
688 204
580 74
600 776
964 297
769 269
788 31
190 209
255 821
705 568
656 776
555 26
869 374
337 557
618 950
658 289
709 882
998 821
51 376
173 382
19 278
283 157
747 819
482 55
249 288
692 870
133 952
198 155
532 719
159 705
437 781
795 151
763 537
560 751
735 977
59 400
701 65
204 671
982 997
727 961
193 426
526 404
839 823
36 928
18 727
558 805
942 452
16 60
932 250
554 564
663 122
634 262
616 773
983 665
468 442
542 386
698 539
409 12
616 916
818 336
471 677
953 719
131 571
461 864
157 551
824 860
328 43
609 430
257 113
45 242
764 526
996 882
380 775
769 222
988 966
182 53
662 259
665 29
439 926
836 18
250 963
881 959
223 728
544 841
851 439
817 379
727 216
91 923
569 746
876 930
366 176
392 437
467 987
125 791
471 271
589 168
208 77
765 359
198 680
682 877
705 516
557 539
924 802
302 890
547 258
324 898
398 393
797 171
308 570
414 50
740 10
298 229
9 110
74 593
284 48
692 437
949 258
920 568
354 204
251 188
624 690
17 292
308 301
915 511
899 898
296 365
39 655
254 126
291 594
199 965
915 364
865 553
331 341
833 11
961 254
563 350
178 192
179 169
576 979
546 589
784 736
287 439
511 213
895 360
279 179
727 997
504 861
268 416
876 141
328 395
734 247
516 334
700 419
166 579
896 712
805 872
199 521
844 962
663 414
666 494
595 316
679 391
141 400
618 238
644 569
666 17
31 97
487 355
955 53
115 784
572 822
943 732
399 626
228 992
233 78
474 288
861 340
365 277
225 562
524 260
907 404
600 674
105 4
586 941
300 315
393 879
216 774
307 753
436 779
42 654
850 745
688 148
686 643
177 913
569 375
882 214
185 126
42 273
151 657
209 155
983 436
273 739
146 193
419 829
39 508
441 853
610 890
996 33
834 900
7 610
907 592
364 827
660 888
136 180
797 161
757 685
60 563
62 129
655 436
17 256
435 17
420 987
826 834
672 36
431 197
505 184
536 595
153 625
5 752
905 418
126 566
919 193
444 39
943 207
966 228
700 464
518 833
390 928
576 805
844 963
761 87
779 592
88 487
567 913
628 737
535 119
794 63
580 981
634 318
887 896
729 610
516 576
993 149
461 855
671 320
31 69
879 641
148 359
851 160
766 13
812 583
16 945
755 828
872 608
836 219
431 865
931 169
716 945
533 229
368 783
825 644
662 663
629 908
243 193
264 602
75 971
746 232
984 797
508 235
502 575
276 225
370 196
333 549
336 444
100 301
651 951
102 663
141 969
721 47
506 631
603 15
950 272
627 389
683 503
367 902
43 84
48 686
999 846
275 137
912 182
411 857
817 766
783 33
18 157
624 96
132 149
406 604
817 527
561 753
856 767
895 678
342 802
34 595
431 571
863 388
773 940
423 615
856 366
696 215
491 309
273 122
972 316
681 150
274 356
832 262
504 951
50 511
895 789
663 86
278 215
728 958
924 349
583 184
397 251
827 906
938 545
444 186
192 131
980 100
468 304
35 335
952 765
120 869
62 840
746 761
12 101
982 809
43 934
166 794
376 62
174 241
441 390
519 647
331 643
357 826
80 556
736 157
662 245
710 641
345 851
66 54
952 422
266 93
875 595
15 634
388 584
688 126
211 571
237 967
897 198
773 443
426 278
744 293
135 322
91 142
941 518
502 580
820 873
158 368
821 464
803 637
250 140
648 836
479 188
688 299
981 666
104 162
472 902
968 523
476 982
185 295
350 939
612 90
86 97
803 859
414 658
846 607
632 743
726 49
341 29
531 69
274 422
801 479
611 480
297 104
976 363
624 885
456 967
682 349
520 48
631 914
230 521
236 506
393 527
420 241
226 160
581 506
196 536
415 318
951 664
878 936
735 865
49 298
235 195
236 664
75 538
442 363
6 664
960 228
465 698
249 867
747 44
681 334
594 921
137 808
906 682
505 76
634 567
163 28
751 537
149 977
847 238
738 387
20 702
172 470
135 226
230 36
802 957
324 41
77 335
281 378
104 691
729 884
400 600
152 201
461 65
742 210
229 485
176 255
68 933
180 543
272 674
203 662
33 737
59 682
208 288
543 404
532 792
773 415
276 153
168 994
669 350
888 844
164 922
954 804
869 439
983 403
324 636
952 317
956 843
552 791
419 768
26 982
647 664
885 957
191 236
293 348
188 736
757 712
497 322
429 669
377 660
375 353
325 604
236 169
723 713
541 328
782 82
985 70
658 36
877 176
716 563
529 261
853 455
175 47
468 27
273 217
655 556
467 229
654 187
143 946
222 153
39 893
279 178
716 526
453 107
143 803
383 494
274 590
866 916
136 563
358 216
724 688
700 19
978 333
649 763
447 530
283 597
106 144
197 231
328 362
71 722
738 461
940 657
818 373
267 505
140 841
534 25
383 605
519 719
296 599
261 747
776 833
727 552
431 957
20 774
367 425
203 200
437 611
306 643
471 95
452 504
284 546
340 870
418 184
427 358
112 973
760 809
655 578
462 716
969 367
826 156
812 415
727 108
713 550
532 110
910 544
289 175
933 590
490 343
111 360
78 611
997 415
94 469
275 221
812 588
389 813
216 323
434 390
40 529
991 254
350 242
801 278
126 853
142 30
326 267
593 724
579 905
819 182
686 735
681 185
308 132
578 211
796 158
874 682
10 954
562 383
532 176
508 979
951 595
274 547
11 686
174 110
468 285
697 801
480 227
425 550
746 642
432 326
7 313
687 299
141 435
366 578
862 711
187 93
206 171
121 465
193 812
75 551
325 295
509 74
954 297
991 886
25 27
529 603
322 183
537 112
224 949
499 253
392 641
210 376
286 61
345 743
744 443
199 265
802 199
395 359
968 163
197 543
436 889
437 32
3 874
868 836
371 804
176 278
603 401
34 940
896 63
906 200
1000 227
466 707
964 326
381 436
934 409
665 594
138 801
251 936
824 192
931 445
189 466
392 172
247 92
817 765
251 25
697 423
9 933
906 445
873 550
381 775
493 845
666 833
946 587
155 460
225 314
622 858
329 465
919 262
523 781
900 195
515 653
37 113
937 35
991 496
796 226
834 429
984 66
280 886
415 692
930 888
813 545
707 561
368 447
179 431
140 205
378 832
876 71
307 324
449 833
735 780
387 316
446 793
897 639
808 78
655 91
136 971
966 483
514 224
864 357
263 114
797 847
465 750
799 257
42 880
567 154
14 782
419 346
956 403
758 611
816 294
615 174
49 201
638 21
175 889
842 518
419 299
721 735
318 637
485 86
949 967
660 270
536 276
534 291
827 279
276 23
980 767
160 568
272 726
20 962
337 932
962 485
394 329
472 617
618 889
592 874
132 453
63 47
142 666
927 168
649 326
599 222
657 691
158 384
307 966
955 284
130 853
38 874
720 93
373 585
376 920
156 225
583 714
285 771
324 831
995 933
271 208
503 623
632 744
624 648
234 972
924 109
503 504
985 105
734 364
833 45
83 570
890 182
175 10
913 149
507 618
625 131
718 992
476 539
599 864
151 13
64 157
156 846
545 578
305 677
838 329
179 252
342 664
761 445
320 923
636 628
335 760
878 937
477 16
758 131
193 601
212 227
931 855
734 168
795 292
227 934
432 270
585 216
13 351
399 890
849 723
996 774
832 815
871 70
620 838
732 776
862 671
24 759
28 851
710 851
774 995
271 557
399 536
367 404
171 649
413 844
710 738
343 399
401 908
552 732
242 798
336 359
387 869
962 551
508 189
348 470
480 582
906 942
765 484
169 666
388 956
319 68
547 801
146 762
333 360
156 295
216 586
803 536
143 972
698 302
973 344
775 486
263 658
838 862
747 473
397 668
229 361
958 71
502 835
229 521
313 486
251 190
776 89
189 252
412 285
387 201
226 99
714 796
666 603
335 308
338 504
867 327
5 956
101 855
173 458
926 792
75 936
921 440
206 434
637 982
860 548
788 968
995 632
727 709
534 175
247 391
187 48
983 556
345 1000
913 590
862 635
292 15
724 888
249 600
909 538
573 334
55 494
383 557
422 951
405 203
851 375
393 691
266 131
33 756
695 703
34 167
456 237
8 982
391 889
417 134
464 167
559 780
285 391
414 821
695 348
318 465
604 794
823 568
384 791
308 451
692 373
450 104
143 63
624 779
837 797
735 454
20 409
556 699
651 585
104 266
342 772
74 622
437 560
792 545
243 833
428 981
748 994
160 411
616 990
19 336
421 108
322 483
506 132
145 90
771 314
402 331
593 612
196 947
246 372
930 853
253 227
274 657
922 805
1000 376
852 166
161 769
74 34
594 685
913 895
115 547
704 4
102 367
547 462
175 401
328 312
951 368
75 549
991 595
7 462
813 145
376 36
495 805
244 27
608 936
603 980
451 323
112 701
42 812
224 967
371 152
558 428
372 199
444 724
908 363
336 915
85 837
850 22
358 257
345 2
489 438
343 439
327 978
521 683
594 19
479 535
559 947
341 594
233 953
305 484
708 403
242 953
849 309
542 130
413 86
31 740
60 93
247 313
33 99
308 163
277 25
497 94
725 542
465 214
146 484
311 802
119 1
691 640
48 910
459 964
868 360
70 832
821 958
187 990
773 827
818 660
835 526
753 937
517 294
645 369
558 562
316 169
526 12
486 761
676 409
507 574
862 100
689 530
598 418
340 406
417 951
683 736
410 68
853 720
583 331
537 535
429 353
512 851
486 938
123 876
126 157
331 992
923 728
704 159
46 450
604 376
624 358
533 948
571 353
239 471
277 246
957 596
427 681
942 248
746 921
875 823
110 608
456 71
475 165
849 400
478 824
797 912
154 914
428 21
197 976
568 718
92 170
495 31
542 988
401 816
552 624
310 128
718 832
445 679
634 788
484 147
142 633
34 94
95 571
884 348
651 981
194 792
67 26
485 311
693 370
823 755
332 174
797 468
248 266
731 80
879 200
20 371
906 380
308 54
401 380
664 262
459 130
902 768
892 180
203 185
848 178
632 966
961 501
134 553
212 697
817 873
950 911
661 712
919 436
923 92
514 750
627 991
442 821
778 999
193 141
914 231
454 52
700 692
313 788
801 575
624 966
843 164
866 31
313 901
558 953
960 472
782 769
487 5
553 213
22 138
226 273
549 235
719 224
719 287
701 800
297 554
559 326
989 101
438 789
793 778
345 420
906 619
961 716
853 982
522 599
898 215
41 702
287 929
698 888
111 813
903 219
799 26
843 302
8 827
465 4
12 591
359 922
915 614
478 540
906 943
154 648
73 984
238 386
555 460
963 35
637 200
566 204
682 985
60 853
851 9
355 819
356 216
907 728
834 979
604 934
109 256
935 14
414 690
364 722
185 321
350 901
717 803
942 952
805 600
758 288
373 846
778 520
923 558
655 450
240 61
57 601
352 583
501 170
140 432
665 80
441 936
511 65
919 190
1000 918
143 956
278 157
282 208
174 994
156 569
913 914
408 135
115 582
766 487
562 443
583 275
780 85
395 177
987 571
14 933
663 264
546 758
324 248
606 722
935 904
153 496
979 956
843 951
589 517
120 708
262 205
870 54
708 405
729 854
16 999
236 834
804 622
561 189
229 7
820 670
685 788
579 273
724 718
716 622
493 291
405 541
997 147
391 542
693 170
125 824
825 994
43 109
564 441
88 626
51 614
56 144
19 4
506 992
591 700
512 719
76 292
227 260
713 919
882 774
721 396
464 627
263 919
320 151
685 988
52 922
878 298
347 814
866 370
924 86
598 165
835 533
469 383
734 293
296 219
459 825
740 670
759 146
818 832
377 400
395 529
844 684
648 415
614 734
248 419
139 532
179 140
127 85
53 786
376 327
709 651
654 260
503 886
144 61
623 929
115 546
541 878
671 707
323 593
106 867
93 103
395 577
883 470
81 944
944 370
488 590
569 875
715 997
534 59
484 410
598 946
306 722
509 57
182 65
295 418
524 340
358 262
113 577
440 655
883 101
993 997
43 282
704 624
923 798
752 920
767 575
751 154
115 444
828 862
944 190
717 423
609 550
403 227
646 109
349 867
688 179
798 952
488 409
674 73
315 812
941 944
467 773
503 67
195 274
622 143
241 80
128 755
119 147
731 277
754 142
432 633
651 628
302 544
694 522
734 743
791 612
60 790
338 780
946 463
523 783
212 388
748 854
640 993
680 718
421 400
724 287
321 772
14 289
640 912
625 374
103 886
609 946
729 304
934 929
478 509
559 60
213 624
678 474
766 713
232 866
799 370
323 589
205 588
202 370
809 426
266 567
900 572
135 874
896 546
749 896
917 340
332 660
22 440
371 198
614 262
361 444
845 978
849 407
186 555
561 293
33 706
175 891
380 767
788 342
718 147
997 539
180 518
896 255
863 771
58 230
441 214
190 507
817 339
530 780
802 233
142 638
237 964
354 736
992 208
265 145
893 153
487 872
932 971
440 393
446 163
897 485
203 858
152 684
446 50
178 660
772 646
904 278
578 341
172 742
412 21
859 420
221 899
592 25
222 356
459 18
616 175
264 4
66 144
659 125
790 721
938 834
252 570
331 173
370 636
307 388
1 881
848 608
390 845
13 234
641 769
330 126
496 330
95 434
278 246
836 676
448 237
453 116
880 160
274 617
11 614
672 700
182 461
224 307
338 199
361 382
193 63
957 518
427 519
331 937
341 391
527 86
542 543
717 937
139 24
784 211
219 790
866 563
724 981
599 715
214 559
12 584
860 132
38 712
846 83
884 258
409 588
329 498
622 506
806 717
132 532
891 471
401 573
128 403
651 833
411 740
267 632
163 699
864 540
557 535
981 699
468 610
743 977
708 532
677 547
381 860
846 702
411 947
716 158
428 369
781 470
801 504
179 60
571 782
960 374
95 240
960 263
815 139
296 143
467 230
396 154
752 40
473 569
478 298
856 246
508 825
352 277
225 25
558 837
728 944
323 628
50 228
359 114
297 517
425 600
447 543
828 330
685 335
3 850
391 196
272 340
628 431
441 451
594 779
831 714
715 841
257 81
208 197
894 441
452 212
682 117
812 116
854 539
266 16
395 380
436 864
367 253
538 740
101 92
67 68
44 670
16 646
312 285
773 496
523 201
651 796
142 673
270 410
589 72
226 622
564 442
307 915
51 731
377 603
146 510
365 10
114 266
575 107
354 381
119 63
375 465
363 489
735 337
764 295
160 413
142 29
19 338
623 75
448 797
501 284
260 360
601 198
179 24
697 731
340 283
259 464
516 281
139 646
664 386
13 161
998 147
938 678
79 864
135 722
839 874
454 396
511 245
205 778
593 772
408 724
689 581
908 801
925 861
162 991
666 351
441 818
614 569
743 159
871 426
763 549
714 99
833 496
476 146
737 956
335 217
269 763
879 540
404 870
940 880
597 551
12 163
803 184
418 902
336 515
963 446
529 600
604 436
841 862
751 455
989 334
289 358
423 360
580 189
980 631
910 842
358 263
729 945
592 611
366 786
918 933
82 228
873 94
11 251
730 753
548 418
573 356
628 208
337 905
775 744
803 756
86 82
869 123
780 668
488 410
626 864
418 445
632 497
302 839
164 812
147 86
369 26
223 323
649 440
136 197
307 796
843 894
790 859
38 220
132 145
741 516
375 437
850 225
605 984
19 257
286 272
104 503
178 930
695 919
22 531
294 788
832 491
905 369
972 399
475 329
502 218
676 411
986 855
218 645
242 633
299 844
804 295
200 832
993 378
70 152
239 755
679 886
701 794
890 200
784 970
303 610
550 737
165 589
840 129
391 255
968 262
252 759
370 544
410 561
814 965
410 407
837 492
897 911
201 266
129 37
79 269
793 78
651 132
618 221
361 76
750 950
880 720
989 338
372 501
357 24
656 321
620 658
750 545
401 822
38 94
664 844
521 709
722 190
346 218
849 193
902 85
389 430
856 867
614 914
158 229
930 130
968 849
849 82
9 155
562 569
319 946
307 602
640 514
720 193
294 372
856 897
854 412
782 425
621 383
293 676
208 900
373 598
906 986
820 139
694 612
293 309
848 180
575 419
796 396
105 685
217 107
4 79
388 430
796 35
28 85
597 118
29 396
178 838
344 98
878 739
776 15
136 430
924 415
357 71
981 218
505 145
692 867
105 975
252 938
623 661
2 427
900 400
540 175
706 323
320 10
197 348
288 428
917 947
719 507
356 815
766 546
1 530
866 594
406 43
598 575
984 383
433 207
487 404
235 199
879 886
970 958
554 561
667 882
3 346
81 622
491 639
954 381
496 791
483 831
263 37
46 335
49 153
621 907
607 746
499 9
392 717
618 49
357 171
448 729
12 506
803 449
253 10
59 817
261 405
7 177
608 402
691 69
489 396
534 706
964 251
34 96
474 107
