1000 9889
466 759
506 568
12 687
677 895
694 951
532 86
937 642
9 329
483 328
708 887
525 871
341 874
124 110
750 398
546 970
583 538
238 845
885 813
722 742
463 680
815 455
217 750
878 413
14 608
535 964
848 144
612 201
795 955
759 106
246 347
621 389
381 972
826 683
13 811
910 11
89 445
790 621
772 40
576 953
654 12
251 401
679 587
921 611
562 343
523 336
249 176
699 569
286 879
892 670
732 683
587 232
682 422
573 53
350 342
589 862
444 143
373 31
6 693
586 416
383 490
614 238
157 883
987 661
822 591
897 676
649 767
157 740
469 782
537 382
225 250
667 975
637 565
430 923
435 771
132 949
349 345
200 656
310 351
457 936
542 907
359 204
954 601
162 648
364 684
275 692
138 68
124 317
159 494
366 230
58 159
371 844
977 92
815 788
671 464
614 322
536 109
195 663
365 120
493 67
332 71
760 634
800 785
512 133
198 536
273 887
40 646
908 83
169 183
497 354
246 423
411 926
982 491
416 776
155 405
748 876
742 407
22 999
380 451
814 387
282 784
190 697
468 59
285 667
142 316
459 648
758 44
175 188
969 331
715 347
573 202
331 547
923 295
818 51
385 86
419 68
277 366
281 107
672 596
983 604
162 702
718 411
663 302
685 178
638 146
395 44
953 522
862 602
955 84
3 547
10 333
582 341
127 632
152 150
524 342
48 103
162 499
91 411
627 253
827 271
21 444
774 266
267 852
397 797
592 755
744 462
157 189
565 800
358 614
161 186
15 259
343 150
591 636
349 865
78 417
119 335
47 658
911 325
414 935
273 561
399 17
129 565
939 4
389 107
601 613
802 276
753 354
963 795
285 827
34 765
352 546
420 518
293 272
904 203
891 109
285 940
381 771
338 778
601 176
284 228
711 207
195 159
127 388
971 98
847 959
298 472
136 435
134 866
835 755
710 397
915 236
866 149
455 290
972 392
683 967
408 787
672 436
931 577
677 173
662 723
460 715
164 199
58 590
205 813
460 858
300 519
376 357
946 17
733 375
550 663
917 624
11 717
658 556
54 685
609 186
166 799
564 663
462 134
67 562
874 334
875 923
305 710
901 829
343 778
451 288
362 909
516 688
684 338
131 594
478 831
574 301
653 457
250 838
77 311
779 903
177 555
373 52
151 866
774 960
211 201
659 242
208 313
483 625
689 270
104 890
11 230
640 246
215 30
698 52
845 131
204 269
681 70
498 46
128 393
722 481
171 109
836 361
877 643
574 701
831 86
194 57
378 458
365 64
493 11
852 694
190 53
561 647
126 951
198 608
90 361
666 830
920 546
907 114
672 131
467 513
940 488
677 414
492 212
94 288
21 729
264 149
377 364
319 625
135 932
730 296
877 199
952 866
806 77
329 463
942 637
669 731
494 140
473 946
871 385
847 512
539 243
544 171
374 498
545 582
115 766
4 509
903 643
796 544
539 794
934 914
207 135
839 962
550 691
255 139
148 599
40 440
404 569
667 885
26 119
12 6
514 192
399 838
628 294
738 290
686 66
979 52
248 42
70 423
988 190
202 743
996 657
758 976
101 499
249 576
379 753
766 511
590 777
331 934
97 121
135 110
428 244
401 896
71 920
737 324
573 694
971 819
418 145
258 966
426 356
390 203
379 332
133 182
38 601
156 396
194 891
157 101
483 49
366 37
34 736
96 537
207 995
464 477
160 806
110 46
261 104
583 533
432 650
941 890
945 225
522 847
190 977
428 862
948 37
416 126
477 539
481 600
445 253
400 418
53 488
429 553
31 757
131 163
819 543
761 498
905 392
834 382
965 536
344 238
715 33
643 284
38 342
127 178
757 791
706 727
139 634
946 70
529 54
822 989
783 585
770 824
115 587
61 369
447 904
283 699
737 932
40 404
79 93
886 327
662 156
374 619
801 939
128 535
625 751
996 806
289 516
552 414
220 52
955 75
101 199
44 234
998 111
824 802
140 725
864 15
370 504
461 911
410 639
485 25
68 119
931 179
437 166
116 795
978 138
600 680
488 130
335 907
806 668
536 336
864 877
261 281
262 994
998 472
780 619
840 925
238 413
748 894
224 635
440 720
655 466
837 999
787 302
661 329
55 942
5 149
52 208
610 710
55 991
298 440
725 759
379 39
402 18
326 385
959 778
303 310
967 239
863 430
227 313
820 499
252 525
382 676
643 602
203 467
477 656
49 521
529 588
801 410
514 725
900 474
196 959
749 341
550 398
184 627
403 979
597 993
946 155
696 398
182 617
496 660
541 762
72 579
698 763
422 457
738 136
791 118
775 525
705 497
875 33
692 745
182 395
997 542
395 222
235 924
399 702
715 521
665 336
600 239
611 584
813 508
987 393
992 97
295 462
371 156
554 792
987 294
409 530
849 313
996 568
848 379
300 503
854 970
58 193
59 888
868 754
851 388
615 359
963 222
266 50
488 254
883 23
404 420
523 102
114 812
301 620
925 823
333 440
716 653
493 260
973 58
501 822
690 796
820 915
949 49
574 627
939 7
336 208
172 622
152 185
418 381
845 337
759 271
9 95
427 440
748 540
416 55
215 697
593 265
778 749
962 94
268 595
269 486
731 647
271 360
578 110
268 546
626 290
347 783
630 314
170 268
212 391
550 658
820 326
862 217
661 914
131 251
830 827
173 620
139 676
987 952
566 785
810 743
978 605
83 259
783 528
240 453
218 818
535 435
444 176
836 722
602 988
895 113
211 20
818 212
782 475
219 609
491 772
700 843
93 72
485 505
168 289
634 268
400 852
257 253
21 140
150 352
25 499
36 335
814 826
456 218
310 21
827 445
447 388
250 950
609 357
585 235
464 212
708 127
51 788
837 669
180 688
613 473
764 127
782 330
972 779
321 415
86 921
94 628
21 546
243 622
897 794
892 65
401 368
8 484
347 476
679 198
930 469
159 997
75 502
113 63
556 639
557 722
778 641
467 512
415 992
92 103
237 406
312 787
166 146
616 289
446 738
13 773
821 926
386 665
227 273
579 580
545 980
875 429
885 302
269 236
622 746
127 264
681 244
596 257
355 437
726 644
365 532
294 926
277 594
779 944
136 654
658 879
201 1000
2 203
518 771
616 765
301 445
528 271
754 855
776 589
117 181
10 593
697 326
343 567
348 111
495 1000
141 502
128 955
715 977
598 910
219 875
112 761
521 773
907 16
376 830
983 869
215 223
881 807
185 792
629 989
408 121
941 305
730 621
802 153
395 341
293 770
883 94
688 16
466 610
177 541
100 936
626 964
677 285
169 669
483 509
467 992
357 284
566 192
143 177
772 583
95 680
959 51
512 12
454 569
552 797
20 275
975 773
579 228
912 977
234 779
129 749
887 162
768 452
757 722
647 948
635 186
672 160
998 968
820 24
490 903
97 559
188 322
479 461
373 842
597 113
710 443
549 887
200 996
44 897
321 848
773 838
485 973
244 584
596 293
154 368
856 74
253 646
342 697
778 838
787 540
773 529
227 747
527 550
469 554
572 141
679 683
349 4
245 467
288 724
453 230
308 799
383 357
799 671
23 11
382 39
936 879
330 450
520 622
119 944
15 885
328 255
805 627
917 393
222 735
194 664
569 956
989 359
388 744
885 438
82 453
671 47
552 701
402 572
847 643
884 242
23 760
358 745
215 80
343 31
669 341
985 974
358 632
289 71
660 178
254 569
534 607
994 772
47 760
472 550
787 305
935 89
574 747
226 621
371 620
778 404
68 564
911 144
630 977
471 665
919 677
649 385
764 92
130 790
95 930
707 790
100 884
997 450
284 19
51 264
587 330
489 827
237 461
921 946
904 160
562 900
134 757
139 989
600 701
506 30
531 131
667 323
890 376
528 907
185 403
892 478
929 588
108 461
295 792
37 71
130 683
458 236
847 287
316 130
145 749
412 749
431 179
839 214
550 399
109 949
331 455
891 655
322 670
236 312
810 635
153 916
615 764
28 577
446 871
340 494
550 361
292 73
305 962
107 442
490 462
628 744
292 279
410 251
229 901
871 52
103 142
838 199
399 697
934 746
852 359
283 932
747 379
675 486
54 993
127 661
191 334
353 696
254 450
409 894
893 830
521 861
836 194
551 617
724 639
393 207
631 302
582 629
108 824
807 336
718 85
259 855
205 143
726 467
158 287
472 514
110 116
813 409
207 986
975 844
618 715
32 314
285 136
876 489
950 666
42 46
307 865
358 1
346 825
511 705
707 256
895 687
735 182
325 344
175 416
961 413
520 451
907 851
657 900
434 311
92 831
933 223
204 909
31 716
359 755
964 919
861 621
643 454
862 222
408 789
795 131
698 847
247 926
261 736
753 829
130 318
494 813
978 602
65 275
586 407
425 763
223 114
670 995
474 828
718 731
849 856
951 339
663 479
356 593
139 355
31 145
785 437
490 181
861 66
292 835
793 930
150 353
279 583
103 259
89 849
111 788
793 83
513 348
349 560
608 58
52 855
556 165
994 463
964 130
17 859
971 742
976 816
974 479
371 774
47 707
362 591
150 796
483 337
66 347
587 935
18 470
327 352
453 933
648 545
172 595
512 208
987 340
562 874
579 152
393 283
146 453
238 350
189 353
393 356
82 606
65 447
848 838
182 829
484 562
882 479
386 662
499 771
596 403
320 158
122 38
531 296
990 911
574 334
65 334
908 902
321 740
311 449
205 894
832 232
220 706
999 852
676 265
288 602
899 106
518 768
44 595
559 476
502 455
790 128
408 446
26 117
524 980
874 180
797 353
537 359
262 440
724 243
900 803
582 241
827 250
663 336
823 110
738 514
44 151
439 681
444 665
600 818
868 877
343 389
730 333
590 958
758 752
372 427
735 868
966 909
661 81
611 229
417 16
259 152
986 346
822 204
137 382
211 845
717 107
795 737
759 720
940 270
542 110
217 825
511 129
177 847
915 41
754 67
466 297
561 673
47 938
235 570
753 185
809 767
905 172
251 180
911 962
791 680
578 87
887 451
778 565
95 130
356 537
361 881
782 85
126 691
674 723
916 923
991 417
709 624
781 291
657 221
89 307
718 966
165 974
60 244
649 945
944 783
728 950
760 445
819 65
844 532
918 375
743 486
374 335
140 147
966 3
952 717
502 748
96 741
12 85
952 700
917 694
610 424
150 207
153 217
358 832
492 893
600 366
374 617
14 942
220 135
19 980
993 129
334 395
121 318
567 171
970 691
239 266
816 277
356 939
822 287
241 658
209 626
742 102
484 370
747 444
806 265
583 519
881 962
309 361
739 713
315 712
462 265
926 504
379 509
538 736
650 486
394 184
124 431
180 361
826 167
247 339
164 933
294 288
228 44
412 187
384 668
902 818
543 548
124 252
416 45
125 533
207 766
90 303
218 280
91 538
921 945
887 54
346 580
402 306
758 257
706 484
445 112
653 683
196 810
839 64
416 890
697 735
240 94
317 182
669 641
929 572
17 26
701 16
351 907
887 709
672 282
429 449
782 851
306 56
629 318
689 633
905 644
709 374
931 644
386 19
278 45
411 903
118 684
577 635
358 255
984 314
624 225
19 899
993 60
206 259
50 595
83 949
391 151
16 847
420 357
24 357
278 783
122 149
115 244
165 156
285 605
328 107
699 108
48 26
525 744
110 424
303 103
607 956
677 113
727 299
988 821
738 812
638 813
219 481
717 418
388 346
119 328
746 498
56 194
938 288
223 318
320 759
837 874
56 177
610 744
203 770
439 824
394 513
948 104
821 230
659 247
958 1
209 518
262 520
22 676
209 663
653 638
156 954
322 430
577 172
100 591
304 776
499 978
505 66
71 190
661 912
656 654
706 379
910 137
191 737
451 856
235 945
967 384
236 398
452 353
939 739
100 685
32 965
783 530
292 31
117 46
250 385
314 674
900 621
412 775
326 837
37 446
831 808
119 970
604 374
434 602
534 105
283 899
988 68
954 212
900 786
957 991
554 773
799 44
106 501
626 764
992 510
43 492
63 993
375 563
546 238
234 337
517 652
700 205
650 303
855 506
20 27
95 545
976 817
487 884
247 362
506 544
695 386
332 164
595 534
100 88
427 248
641 911
693 237
734 795
308 234
210 280
356 177
177 802
566 260
733 599
702 196
579 155
726 222
303 379
165 358
223 48
192 652
246 371
174 524
981 900
13 946
442 844
186 818
665 658
47 100
473 951
131 217
867 195
524 608
213 829
457 491
754 627
740 546
1 800
743 509
156 723
527 972
753 681
130 434
115 624
829 244
232 820
417 710
993 13
844 983
370 670
166 687
21 572
245 366
619 81
267 324
629 975
172 319
541 962
945 249
799 226
510 173
314 920
847 246
665 515
673 727
432 99
289 750
202 629
59 964
63 948
798 313
802 804
138 428
654 940
756 466
314 365
389 381
7 194
820 567
712 152
342 311
556 815
396 891
290 466
336 124
65 594
265 176
177 620
198 790
588 394
533 263
55 583
819 707
727 49
17 608
881 353
256 460
995 489
78 527
319 803
412 199
735 491
517 53
956 635
830 4
597 263
725 306
302 605
477 649
812 902
395 666
822 380
398 803
526 848
578 199
832 650
602 705
895 836
991 489
459 736
758 452
80 731
779 833
835 861
701 475
681 103
593 787
524 667
945 426
999 891
284 160
931 747
438 937
365 647
794 177
154 16
430 189
734 143
292 166
573 545
611 960
637 691
564 85
988 238
898 2
705 650
547 313
544 447
589 686
883 369
633 346
137 989
529 631
181 396
254 242
936 911
495 236
498 256
25 176
50 542
656 382
585 424
733 864
845 870
632 141
53 563
50 692
270 637
769 418
955 411
45 495
690 996
367 772
150 874
264 645
872 442
377 892
176 497
105 83
751 98
627 432
445 971
882 94
955 726
61 667
354 391
171 199
412 43
21 969
281 948
265 287
600 552
394 765
877 106
57 925
268 323
297 31
830 179
338 693
763 252
891 931
395 646
795 185
467 280
784 694
293 188
874 549
281 387
211 182
458 81
681 67
294 606
870 569
247 914
615 790
14 617
328 464
182 543
679 841
81 648
190 386
870 904
922 273
755 632
161 835
393 892
188 795
541 793
802 539
624 369
309 569
800 718
301 165
489 157
219 804
370 392
278 767
483 891
923 758
263 105
926 315
50 630
34 339
185 997
663 520
116 203
558 294
85 772
431 872
828 250
565 186
272 595
202 796
940 34
688 75
413 190
34 53
364 256
932 590
495 486
889 687
836 482
609 568
84 227
186 731
484 964
78 344
553 893
660 967
399 29
574 645
260 309
996 127
154 450
713 859
950 664
240 447
366 339
441 888
74 778
824 183
273 855
865 797
916 655
120 777
781 567
199 102
790 719
385 625
665 826
260 250
543 825
677 375
74 284
368 49
259 418
209 807
986 410
235 803
438 708
866 131
939 597
245 198
981 228
876 40
434 23
398 690
394 481
738 73
866 114
544 242
875 224
141 156
3 71
331 626
369 699
300 515
598 532
321 568
912 133
257 976
560 663
230 471
979 279
739 901
111 560
846 812
814 95
151 755
236 595
737 82
901 825
828 271
117 143
807 18
262 365
870 150
909 970
441 510
149 53
813 110
162 416
881 824
610 753
667 681
926 422
413 785
965 452
381 157
493 451
935 684
77 132
525 435
7 217
559 860
581 756
582 599
971 664
242 980
793 284
281 81
228 135
284 657
855 106
792 164
673 231
802 453
57 138
76 162
459 298
839 344
130 157
877 933
317 718
242 265
351 505
99 400
372 900
659 18
990 704
203 190
847 889
994 671
351 14
423 941
28 35
568 138
229 622
985 448
469 223
201 593
787 182
844 445
479 490
319 637
32 149
345 847
913 252
323 884
868 992
402 379
994 481
24 751
70 597
430 341
35 679
878 599
824 25
709 555
867 221
14 263
435 366
588 664
148 893
221 321
386 950
938 635
799 574
309 814
164 231
649 629
409 248
395 829
568 515
724 142
488 750
658 524
328 375
397 369
992 206
41 534
334 429
749 862
400 691
148 433
573 464
352 220
480 385
589 538
129 4
405 191
499 12
11 88
753 38
557 959
614 6
62 359
464 530
197 590
977 474
284 582
931 505
268 738
333 890
890 828
411 589
415 605
426 130
694 827
329 853
682 851
801 424
441 839
635 849
670 304
855 876
863 289
8 461
338 940
707 333
263 795
674 926
89 230
604 707
792 461
42 212
282 615
326 292
38 104
334 819
712 527
28 182
585 727
329 401
513 748
368 121
481 318
778 898
763 320
359 309
820 313
18 783
745 110
122 427
479 634
953 309
363 79
808 208
520 164
773 542
279 197
83 316
818 953
320 11
554 911
672 464
795 363
951 523
174 84
236 757
681 256
516 228
361 348
359 249
785 482
961 673
12 181
418 270
805 624
828 311
263 4
528 155
766 31
732 155
423 322
672 298
64 603
798 282
836 233
323 950
845 869
385 271
703 667
850 957
432 878
286 89
684 824
487 968
717 299
232 139
566 48
113 696
538 529
133 859
177 911
521 482
194 202
322 55
623 167
702 306
501 595
599 158
748 564
338 345
38 170
475 588
793 411
143 293
151 495
350 251
807 148
66 210
29 478
160 403
455 420
520 403
574 42
775 544
297 175
136 363
815 181
365 860
965 760
431 188
531 354
572 334
403 983
79 878
999 198
653 907
643 141
573 743
187 281
814 358
248 281
669 142
925 855
426 962
226 464
562 86
67 972
922 58
914 603
921 269
245 293
945 183
340 719
2 976
274 845
594 854
956 273
327 32
337 455
12 345
348 193
167 575
629 880
757 299
244 402
626 726
988 17
976 553
261 583
854 974
871 868
33 680
819 825
487 927
200 167
272 596
523 13
228 797
655 568
15 665
20 1
764 814
565 811
901 297
227 209
821 450
143 234
845 508
721 182
557 456
190 179
426 71
208 667
303 496
280 731
983 338
39 410
575 36
562 837
925 469
911 102
808 733
971 315
61 815
564 186
930 572
97 763
925 759
378 4
291 647
588 919
972 310
619 555
377 452
804 591
753 929
244 94
517 302
95 310
675 409
151 224
635 325
123 681
452 545
900 191
291 997
589 579
250 284
162 906
549 110
18 742
173 875
999 130
624 698
468 314
144 16
662 822
19 816
295 827
331 706
527 648
487 511
344 631
382 19
555 911
83 210
434 600
97 498
889 782
599 591
746 897
324 63
842 444
148 269
956 420
297 865
599 572
376 806
656 296
748 482
989 428
2 726
243 54
353 586
820 686
284 222
975 670
786 669
396 849
128 31
263 387
836 455
161 89
772 623
899 811
626 607
959 27
46 864
431 722
364 599
863 703
673 537
186 623
280 488
302 869
927 718
915 14
955 785
722 764
942 821
946 648
86 127
126 713
971 295
610 637
811 318
481 567
453 525
909 382
332 362
243 769
100 926
714 790
496 99
207 511
156 783
98 118
879 410
416 676
277 749
580 906
809 92
349 139
576 881
403 783
10 891
895 128
681 410
204 737
351 594
409 255
732 761
302 114
231 56
128 657
277 543
990 319
59 139
59 708
300 887
83 1
503 932
490 5
491 996
224 185
315 82
888 400
615 999
656 118
106 53
180 860
642 57
992 190
318 998
998 68
300 16
695 60
96 210
512 450
82 477
466 828
728 535
603 645
35 453
474 339
345 550
897 280
88 329
650 449
673 928
928 594
820 928
471 256
185 111
612 258
206 727
671 395
638 762
219 344
763 435
155 752
172 562
122 901
863 288
475 611
403 510
556 712
351 476
7 640
475 846
412 112
565 182
472 795
513 539
790 773
683 215
631 181
703 280
317 461
964 820
680 623
398 704
682 5
494 543
633 593
781 463
52 279
199 958
807 703
648 28
199 444
563 171
985 253
142 298
457 308
117 450
805 59
19 650
852 250
598 482
782 741
578 299
843 457
274 580
975 252
266 628
874 481
88 278
205 596
345 337
495 923
975 109
261 861
926 547
231 941
468 481
366 684
40 296
742 315
909 896
771 931
666 151
888 27
263 7
525 368
619 349
239 132
849 464
315 348
358 776
428 213
894 416
896 271
860 240
552 673
384 83
607 837
612 625
868 731
794 738
499 152
765 77
909 755
233 382
793 298
354 816
266 490
896 45
463 374
682 530
851 717
727 102
964 776
329 999
399 59
807 142
39 96
226 617
748 678
470 100
700 833
913 637
441 866
406 988
742 560
478 716
898 904
708 631
929 870
416 927
792 484
194 284
808 512
347 806
801 293
855 710
70 890
397 490
725 54
598 300
505 83
178 155
550 928
456 521
221 279
494 789
338 469
230 719
982 574
508 997
791 28
4 434
192 178
980 75
106 984
412 911
330 256
561 505
373 366
892 926
823 284
577 690
529 823
989 165
112 551
573 422
477 369
597 544
871 129
456 84
664 601
516 730
242 637
774 482
770 960
244 403
941 83
10 375
286 152
638 118
710 547
824 654
312 482
193 253
654 98
489 334
915 934
924 552
559 811
964 313
323 179
72 369
222 415
573 987
759 740
25 605
856 829
690 793
988 598
858 572
848 417
408 97
997 256
981 651
985 712
267 697
683 113
721 198
839 370
108 760
750 59
496 154
759 443
27 354
820 45
414 730
778 633
798 636
515 614
481 756
782 16
520 12
540 66
979 482
563 227
912 473
58 985
719 492
79 845
409 369
691 71
57 719
987 812
342 741
623 860
439 341
500 165
909 149
144 17
38 541
352 468
65 702
631 598
338 219
926 1000
943 970
784 961
344 184
953 846
480 8
432 491
922 194
980 444
400 728
310 127
774 462
206 60
655 208
409 862
673 697
818 386
145 11
883 216
42 920
782 858
711 950
533 14
665 446
189 840
119 523
300 359
236 304
252 168
159 428
42 698
24 161
523 185
864 995
379 279
381 509
128 399
186 765
99 692
951 668
12 785
976 82
778 424
446 58
342 123
610 651
185 300
4 784
801 138
180 241
844 40
757 761
613 869
209 309
283 248
122 832
433 683
159 740
648 146
665 788
566 724
540 338
762 899
193 132
47 97
72 913
291 563
909 471
123 692
383 110
285 211
60 67
832 236
226 183
603 88
852 231
211 217
585 996
178 50
951 749
867 418
29 743
248 338
676 132
41 907
317 590
984 757
748 374
254 507
898 61
737 3
706 798
836 977
21 171
850 531
572 24
374 803
654 657
77 324
921 272
409 826
304 281
528 192
551 82
716 925
868 544
742 201
745 187
391 783
450 457
215 75
396 999
312 410
690 495
779 174
142 546
720 390
538 571
501 859
63 228
85 540
920 150
186 657
447 579
906 182
891 348
694 825
532 204
825 62
459 200
584 741
61 628
498 814
500 997
579 235
675 894
412 194
33 147
270 160
511 564
761 809
388 107
636 127
740 397
99 31
193 70
284 187
892 320
105 882
434 360
877 20
880 312
273 942
770 540
849 617
847 972
614 969
361 885
485 871
696 154
365 465
297 177
359 311
490 674
633 979
610 211
387 64
778 787
164 519
212 43
840 884
178 71
948 615
758 572
594 703
339 936
869 535
641 918
348 810
946 564
788 764
747 116
914 629
239 560
576 124
197 236
254 23
555 982
130 183
24 686
633 238
227 861
550 947
667 521
730 328
262 299
638 200
789 202
257 425
422 941
24 326
909 609
306 694
738 661
633 441
30 49
876 875
842 727
882 488
292 756
439 615
60 528
950 401
418 318
639 534
976 252
295 100
980 936
655 964
698 345
481 803
247 476
57 192
366 442
649 388
192 553
890 560
816 92
289 277
436 172
786 441
541 31
744 917
462 888
856 751
514 909
877 103
787 131
436 339
330 762
96 904
690 322
543 838
312 720
494 568
668 53
193 211
710 408
394 986
308 644
148 977
683 976
207 438
784 681
639 403
41 89
222 209
192 4
710 186
403 838
151 444
740 884
447 938
766 716
179 988
879 951
372 43
598 745
927 493
767 226
932 437
382 68
534 65
883 417
844 873
404 878
118 578
278 212
429 382
840 187
439 265
182 94
419 312
662 340
167 654
423 352
393 948
116 988
314 177
263 264
730 761
927 801
94 864
828 938
962 404
160 902
881 716
539 898
502 628
877 735
163 746
294 320
811 54
941 935
503 90
108 854
111 401
114 471
236 904
446 494
658 302
215 695
865 786
493 945
757 740
169 779
209 634
948 27
753 578
271 374
674 142
991 199
574 117
151 796
212 286
764 323
515 617
434 833
27 131
170 212
566 888
2 479
352 536
95 304
247 917
452 547
404 718
331 486
922 783
680 981
620 246
520 894
151 448
10 724
246 588
799 468
507 125
951 313
457 45
520 973
614 477
596 56
82 782
250 508
187 5
336 953
888 374
706 827
399 664
166 865
940 844
353 878
727 628
453 475
438 33
996 587
250 833
290 232
1 123
172 4
135 400
475 93
977 499
888 949
561 252
176 350
129 840
427 111
673 63
408 304
369 476
685 740
717 883
445 885
180 476
18 467
574 676
740 180
704 994
924 979
262 718
66 455
218 186
584 531
572 925
319 664
843 786
271 293
294 78
27 220
388 7
670 501
599 305
218 476
455 60
833 137
778 538
375 262
583 989
913 241
930 689
133 486
174 754
748 179
394 914
74 398
477 835
888 982
5 572
430 459
899 192
465 916
780 325
486 866
398 532
634 92
396 461
400 904
457 201
130 33
131 776
478 593
406 146
858 903
54 640
127 842
241 911
420 298
277 175
616 897
70 414
921 116
770 728
858 729
505 567
215 356
695 62
989 285
681 596
591 249
922 342
893 993
345 699
607 867
479 704
867 974
483 517
279 836
312 411
183 488
24 15
243 133
394 823
233 895
695 333
622 777
180 701
8 515
798 110
86 844
413 20
626 849
423 159
261 192
445 931
982 138
51 532
425 463
134 481
7 621
781 666
873 969
61 740
118 511
670 326
51 306
658 374
307 860
757 969
517 49
757 732
868 347
834 87
885 554
769 800
536 981
294 965
450 638
929 698
312 676
190 645
818 850
985 195
819 42
94 33
477 935
514 490
821 670
511 216
24 866
49 605
540 314
500 367
301 266
709 669
502 437
434 941
788 876
996 323
442 416
10 748
912 192
11 778
267 356
875 971
568 913
864 312
577 581
63 758
961 678
767 862
776 845
963 461
177 564
171 750
319 318
684 416
426 432
617 963
46 589
250 1000
197 559
163 915
572 557
578 558
483 398
319 28
215 991
791 1
100 397
66 365
678 556
328 560
807 136
704 771
583 132
119 272
212 950
251 920
877 836
170 110
373 613
765 655
859 374
273 879
471 516
408 802
114 259
497 65
969 823
884 645
186 656
611 49
339 523
910 124
326 263
678 1000
806 61
882 655
667 345
5 338
691 335
86 391
416 895
454 219
735 126
361 993
302 124
696 294
734 418
477 907
424 41
559 189
767 318
288 552
342 735
808 207
607 193
59 471
425 641
843 539
943 835
328 468
370 851
359 144
102 282
374 735
50 129
468 400
590 575
339 995
115 989
89 505
414 305
733 13
835 411
292 853
610 312
116 49
211 351
927 125
819 540
21 226
761 40
806 977
572 723
618 113
379 559
362 691
860 214
609 338
561 215
923 1000
379 412
237 982
475 993
175 514
917 274
86 773
469 295
171 121
428 616
447 220
588 462
146 313
238 51
739 586
464 412
686 795
379 107
470 390
660 946
511 638
385 724
688 395
856 605
673 57
964 616
753 235
867 722
668 372
565 236
697 284
592 198
739 185
118 342
960 539
436 423
809 843
407 230
568 414
696 339
36 732
644 19
300 729
26 766
559 81
514 466
93 191
511 144
795 423
51 396
227 553
448 778
748 509
269 820
456 261
124 583
663 100
297 571
944 554
942 37
68 498
689 7
880 924
419 104
607 475
137 831
665 782
67 570
672 904
125 336
783 940
608 886
692 20
671 975
12 376
361 426
344 664
680 274
475 190
352 163
48 172
84 602
963 529
414 463
993 942
977 353
888 196
138 437
926 426
674 323
114 534
298 703
962 582
814 543
567 317
954 930
59 522
744 274
347 788
459 894
959 4
742 924
891 434
105 489
660 999
533 351
424 903
650 157
725 711
610 950
363 650
683 95
834 961
902 507
431 317
952 12
237 510
420 546
12 600
648 773
728 499
503 351
584 631
100 513
553 648
535 552
458 332
166 149
648 148
370 367
522 693
670 517
599 417
933 253
492 99
666 984
285 689
619 520
140 391
13 143
31 865
865 392
634 199
149 544
740 559
535 212
601 295
839 805
145 313
795 387
176 721
684 487
932 232
92 349
98 746
905 848
33 809
197 246
533 620
832 827
688 295
16 200
698 924
645 943
9 492
103 959
491 519
189 904
121 518
709 141
909 635
965 895
862 933
416 506
394 63
214 404
784 491
806 872
612 673
497 928
295 237
281 615
449 517
711 805
547 860
538 569
544 950
764 849
416 313
623 30
824 277
864 534
114 397
726 140
764 55
857 467
534 735
531 910
455 158
264 91
392 16
624 593
307 863
414 641
627 614
956 624
276 738
631 182
374 133
855 590
913 323
911 968
237 371
243 686
494 546
888 789
619 615
481 306
84 137
565 454
714 768
458 66
283 405
415 368
342 688
224 395
315 801
173 318
636 684
31 928
527 559
14 662
623 918
809 206
178 423
919 314
257 796
296 806
68 458
804 70
1 279
940 646
120 25
104 145
748 746
1 128
12 924
543 200
180 930
382 264
779 494
450 440
91 438
189 493
275 703
495 88
225 588
335 515
746 230
984 783
348 398
702 581
711 777
823 671
241 327
557 335
940 345
355 715
543 268
363 820
752 551
181 75
973 466
989 804
521 486
5 157
650 194
464 433
651 871
907 753
602 251
86 984
894 611
199 347
665 519
26 831
812 690
119 128
428 683
848 202
574 972
725 352
711 333
195 986
341 943
808 628
755 729
140 835
481 636
402 83
908 663
263 904
602 396
450 689
291 751
816 552
974 885
88 953
469 260
93 440
347 936
705 62
390 880
526 60
30 847
325 837
308 565
476 471
739 459
245 158
317 801
383 32
520 836
425 640
961 443
35 321
219 748
496 539
425 529
373 363
840 624
897 671
917 724
866 828
906 583
690 494
999 120
656 34
949 675
948 778
642 77
606 810
764 723
130 153
763 797
286 268
537 466
963 424
897 346
409 812
366 937
599 645
176 37
879 373
185 857
280 67
264 584
318 671
500 848
955 210
497 872
209 188
923 920
871 582
51 689
34 929
72 372
988 674
658 567
722 498
102 528
730 793
380 146
553 864
333 292
1000 563
213 382
195 287
177 824
694 743
551 170
333 693
688 396
427 432
928 379
468 684
34 754
952 113
721 798
934 385
147 977
591 778
136 94
959 854
359 522
142 84
700 582
947 51
354 55
431 126
147 687
866 301
78 917
706 450
193 189
514 689
217 311
883 945
9 515
156 854
933 58
274 745
991 372
550 401
619 845
479 620
503 702
257 954
130 424
538 477
135 953
762 191
411 433
805 833
996 896
667 864
425 525
266 523
358 157
163 385
365 987
334 346
620 855
567 888
89 809
230 584
263 59
874 198
215 322
55 437
572 769
576 324
548 234
676 807
484 304
341 649
547 978
692 526
159 280
953 271
916 133
793 374
794 729
65 735
307 545
587 894
470 854
682 582
475 972
441 76
849 63
557 262
411 612
239 245
33 426
218 102
848 497
556 962
405 602
63 82
794 816
859 147
555 250
702 506
702 383
838 879
266 381
8 706
181 820
629 10
497 455
961 336
465 967
839 339
18 243
368 372
277 934
350 804
578 475
27 323
468 823
872 523
458 333
717 12
374 41
545 883
692 198
235 885
416 841
577 130
613 580
227 281
544 53
109 997
438 677
761 334
819 106
306 107
967 354
1 767
455 654
97 854
596 376
306 250
258 121
576 228
150 75
580 660
130 60
468 346
931 834
588 635
738 328
728 846
163 445
22 480
997 606
580 586
508 637
127 709
42 857
799 121
949 524
552 314
236 963
704 405
478 768
690 664
28 983
140 697
162 449
895 493
301 906
909 715
343 115
162 168
879 429
238 287
247 352
27 460
924 764
335 735
599 802
929 274
397 860
876 404
189 730
345 452
697 159
458 685
297 772
556 934
99 725
336 1
86 957
906 482
59 18
664 511
494 342
212 621
835 374
503 28
146 401
644 400
313 384
961 316
51 308
144 754
551 451
993 51
458 286
497 380
575 457
953 735
142 12
23 283
43 569
597 242
744 858
908 579
123 375
605 647
773 871
647 850
283 897
704 359
325 864
724 346
446 992
895 211
93 373
3 571
352 689
636 402
376 311
823 391
36 971
681 506
25 382
690 120
874 493
983 733
676 187
241 984
112 416
525 394
734 697
4 698
658 621
519 249
400 773
755 531
519 684
405 508
723 113
238 936
802 608
96 215
42 829
386 475
23 530
427 749
305 265
287 905
59 998
741 718
983 769
395 280
608 29
244 345
263 289
211 528
855 459
842 722
755 79
738 771
850 841
798 57
662 382
837 605
785 946
608 379
374 346
993 695
375 791
363 823
879 150
536 119
760 533
565 428
543 505
397 546
234 708
113 925
756 577
234 855
237 52
934 410
238 887
920 756
495 109
958 511
952 315
834 185
66 815
173 635
748 983
363 371
973 546
813 781
904 55
384 6
887 444
66 862
469 259
165 26
588 846
338 465
766 232
304 577
601 493
268 484
87 922
625 471
697 962
701 922
26 314
260 727
659 597
122 594
899 312
645 708
484 164
617 609
409 36
248 252
410 279
432 451
197 205
549 312
737 72
379 707
434 512
534 55
993 791
131 608
82 14
508 276
694 184
822 109
495 127
160 554
252 128
817 444
105 354
750 370
806 512
163 542
42 341
856 769
86 906
56 201
901 421
261 6
100 50
859 225
248 282
971 417
165 506
333 692
263 713
4 975
669 939
270 14
454 795
165 220
517 119
97 766
734 816
338 768
411 116
621 67
877 217
914 101
626 347
350 107
334 876
298 462
562 563
688 890
620 381
658 94
17 110
326 496
398 797
862 198
353 310
45 536
28 362
767 335
749 304
112 187
849 950
207 260
893 290
876 984
230 751
585 972
303 785
803 518
900 709
481 91
942 440
73 177
438 875
852 429
896 655
490 42
219 632
827 889
224 146
447 600
908 478
452 994
315 442
627 305
300 869
746 906
709 6
177 445
715 957
115 217
80 220
68 33
620 630
859 726
953 413
510 410
617 776
871 903
512 364
162 671
718 14
465 164
48 396
342 290
594 379
137 330
157 151
719 529
260 279
171 244
924 814
392 231
263 668
857 501
893 399
271 177
184 9
727 698
616 12
47 926
907 905
972 113
309 184
4 931
612 216
498 1000
855 932
108 367
182 994
146 76
666 951
521 104
410 442
787 813
99 508
481 276
173 566
193 152
912 426
416 697
348 572
203 355
620 496
982 523
253 761
35 570
622 610
993 290
97 853
39 846
830 943
444 254
438 68
77 444
861 875
292 58
738 214
240 714
740 783
962 834
192 365
859 659
303 523
658 518
967 265
567 194
282 274
16 202
328 204
202 749
751 375
451 262
385 180
902 371
137 571
894 393
127 570
564 741
30 217
124 300
486 399
501 268
196 60
544 857
686 516
48 424
627 44
691 779
677 868
977 254
744 159
413 386
363 731
90 49
898 782
651 714
584 695
158 494
87 476
753 288
809 598
440 143
259 693
891 854
171 258
237 480
717 381
826 719
576 662
578 60
468 852
770 714
520 509
773 981
614 973
445 100
654 104
995 938
208 520
762 931
984 771
967 432
71 383
112 116
661 977
23 504
631 839
400 186
455 734
434 985
71 268
202 250
944 918
528 725
932 191
719 337
939 945
559 504
528 356
384 492
58 767
634 298
280 331
749 939
6 518
200 348
215 404
21 203
480 419
300 632
797 954
263 2
84 557
71 372
748 562
625 967
55 508
148 194
443 390
486 472
716 957
646 848
68 886
280 105
153 285
390 18
600 690
927 841
179 781
772 782
607 977
542 144
689 332
393 927
343 135
110 246
493 278
242 22
101 857
535 440
102 618
68 686
795 709
818 947
9 216
560 486
507 392
587 756
552 377
330 663
256 606
204 188
254 313
812 579
433 870
986 890
458 307
386 564
178 495
213 43
964 789
507 962
695 903
447 919
665 650
334 21
35 660
363 259
711 604
778 928
568 372
518 35
239 781
166 445
297 290
316 10
83 369
490 277
550 358
990 361
98 289
482 576
908 164
602 881
453 193
760 297
67 579
603 949
219 908
735 588
719 75
704 304
706 834
357 822
729 739
399 561
979 871
428 39
266 198
620 531
732 918
861 279
963 315
102 933
897 89
223 755
462 190
64 812
985 896
401 727
932 629
493 361
241 400
848 376
695 438
642 574
720 322
926 254
677 828
704 922
953 685
907 543
329 791
147 98
919 704
481 956
372 943
356 276
303 367
455 96
104 340
892 277
809 831
403 682
77 575
216 297
444 524
436 418
350 814
60 342
557 902
811 296
588 228
87 859
883 980
75 179
903 771
796 412
662 750
679 516
559 82
942 334
315 482
456 66
771 34
684 769
191 975
213 515
272 91
93 45
735 642
594 530
914 51
634 499
761 87
267 336
305 997
396 436
932 70
41 547
136 841
121 269
619 506
710 983
264 255
542 556
543 253
525 290
609 401
132 513
942 541
340 975
544 476
54 117
771 527
594 86
760 914
840 42
882 477
50 148
482 10
357 413
3 951
6 10
744 277
302 909
945 738
531 665
159 568
260 139
848 499
191 107
836 348
146 280
254 713
332 51
134 505
52 146
809 633
845 363
95 860
941 792
449 122
489 873
312 942
187 810
406 520
535 549
97 537
875 565
564 11
182 914
632 981
959 554
671 167
412 703
566 856
92 907
113 526
101 979
838 440
931 614
114 778
67 876
925 872
639 292
625 414
113 545
778 868
339 806
153 196
830 654
120 913
675 331
583 434
535 207
24 599
173 10
176 818
849 946
608 789
907 148
239 505
920 401
17 222
794 502
528 182
244 908
604 449
885 698
497 635
629 818
67 313
267 171
50 569
841 770
881 989
120 508
562 901
186 457
573 715
759 788
280 14
758 713
262 98
837 726
271 720
772 811
583 173
299 235
923 981
431 926
837 615
345 601
871 316
742 812
294 317
384 811
821 397
217 768
824 280
627 333
685 597
781 662
618 520
359 878
341 239
677 581
968 599
311 971
463 700
669 993
63 342
485 640
677 470
271 261
666 793
294 110
649 77
66 201
873 751
602 439
621 121
486 976
208 634
196 831
322 494
30 967
363 294
950 788
207 473
833 26
460 48
929 559
678 7
911 747
131 61
837 915
688 914
487 206
519 891
151 407
304 566
377 224
72 594
434 937
400 89
843 463
741 776
706 605
303 697
733 436
205 595
83 35
158 691
568 917
681 666
370 525
250 675
823 212
604 628
332 721
281 181
10 349
963 433
211 308
234 255
20 790
239 130
224 953
275 160
366 771
276 591
254 480
300 405
638 284
944 281
646 992
573 832
944 128
428 497
820 531
677 950
882 372
624 15
461 375
454 640
256 305
534 964
613 117
856 982
251 924
739 817
185 510
388 165
337 715
267 736
472 846
806 343
535 911
458 420
630 523
575 414
402 101
674 957
561 251
848 872
556 569
892 353
566 742
576 610
572 470
701 182
829 481
871 165
464 911
943 105
446 563
292 413
772 135
667 123
392 878
191 837
196 561
335 790
127 91
255 22
3 83
900 739
478 499
266 779
357 706
411 470
982 931
126 257
970 758
58 545
277 257
975 222
948 213
819 322
490 52
770 130
754 917
349 495
79 58
448 960
858 891
672 831
215 458
70 331
366 594
498 589
890 460
615 37
103 273
451 304
470 764
572 888
477 508
595 201
653 451
755 783
828 577
426 513
457 583
148 86
439 977
650 304
372 500
394 242
214 467
825 814
955 447
483 430
135 329
817 434
466 544
394 325
146 674
755 218
230 998
993 721
682 899
186 594
812 258
681 483
270 242
473 486
809 540
185 282
665 992
423 816
188 582
717 780
721 329
647 609
523 607
191 421
696 121
665 475
791 634
619 659
412 293
145 166
775 106
130 530
772 69
960 301
83 558
985 249
571 837
952 961
41 102
463 827
654 208
198 31
2 331
790 400
864 848
581 501
236 580
821 722
810 581
114 886
185 916
917 911
295 816
775 618
444 314
607 967
641 578
490 40
220 209
941 143
870 831
282 316
637 512
28 808
277 7
854 771
230 41
767 786
14 798
628 500
276 449
188 533
484 428
733 562
309 263
447 745
524 366
545 321
348 450
920 195
663 917
884 386
163 943
560 41
66 318
173 453
971 609
225 875
707 59
871 756
129 621
190 86
392 233
691 975
475 540
212 601
75 483
942 943
156 96
805 349
97 536
556 513
880 228
431 31
272 905
937 254
352 586
630 285
408 972
705 74
155 605
954 733
865 800
172 917
880 496
368 164
539 207
689 734
892 655
885 963
574 455
266 712
799 550
800 384
823 444
808 139
3 171
166 597
446 805
73 83
808 26
148 603
538 175
791 179
278 994
279 415
249 882
452 945
839 583
128 519
220 181
247 389
832 831
174 290
693 882
585 89
257 214
337 256
393 566
100 247
107 666
706 310
372 270
196 92
570 449
519 504
673 968
627 129
954 979
884 272
195 45
966 778
958 906
704 992
881 157
592 838
419 674
707 23
604 949
310 520
207 868
906 259
394 639
15 109
256 628
591 862
557 666
453 317
640 746
381 878
187 841
77 629
563 402
156 68
126 814
566 539
829 363
304 890
835 550
140 464
14 457
494 657
778 906
670 756
984 155
394 947
198 400
844 703
444 45
799 629
156 665
857 828
969 346
696 510
643 153
645 459
244 962
61 276
357 685
782 748
571 619
735 692
3 135
360 676
676 166
271 331
735 709
813 379
304 277
433 182
486 109
527 713
593 761
496 800
729 780
598 929
789 212
793 17
613 432
704 500
462 484
764 572
211 676
927 186
876 722
955 293
538 839
851 500
135 471
690 522
195 120
837 713
34 38
93 585
224 664
759 616
525 988
711 773
608 382
510 690
78 905
946 918
449 662
232 2
53 28
881 683
863 623
186 703
830 380
613 116
206 570
318 80
267 658
713 678
734 984
898 784
981 865
731 262
270 134
899 562
916 764
920 759
932 742
235 528
915 444
277 987
647 909
373 642
691 293
433 757
36 598
442 781
278 511
189 16
515 640
863 176
792 719
800 234
106 545
689 287
648 398
283 373
122 471
737 754
40 94
24 835
739 348
80 847
466 296
201 941
253 897
163 489
517 545
922 70
500 110
853 558
725 137
476 23
281 231
338 16
43 21
614 709
163 199
515 378
76 668
603 395
430 563
234 208
880 674
718 134
314 200
735 508
251 639
237 576
402 535
650 431
681 800
3 716
87 766
581 775
915 943
972 644
664 237
519 81
501 876
851 513
210 395
769 304
855 89
452 476
181 58
220 592
982 614
595 516
846 951
6 334
48 592
530 588
185 281
702 214
322 130
89 181
222 379
848 198
939 273
133 234
544 335
507 883
215 546
691 257
182 948
221 594
776 1
8 235
616 320
853 29
106 754
469 292
2 473
735 89
116 681
762 985
912 464
18 847
754 581
296 53
95 335
596 352
135 548
480 128
361 593
179 864
995 706
232 962
954 648
306 165
201 73
75 608
849 853
940 548
798 820
837 188
534 244
484 473
469 969
625 675
992 170
601 597
97 266
595 119
588 344
34 285
549 426
1 204
845 963
738 629
746 813
341 661
474 502
183 386
704 683
439 677
498 35
963 55
581 652
274 198
994 963
115 278
152 268
337 880
933 676
751 941
778 339
156 323
808 786
716 395
76 42
77 767
602 46
622 37
644 335
717 815
901 184
815 422
454 890
934 48
113 132
170 325
193 236
724 833
605 703
38 468
207 455
498 713
118 38
416 700
550 115
204 571
903 865
541 404
411 371
505 12
53 810
334 617
856 233
503 670
396 116
54 632
770 809
277 471
676 131
788 965
550 684
672 204
24 554
225 127
387 664
335 246
276 676
692 693
107 383
629 30
166 820
44 356
82 179
197 130
733 112
970 642
940 814
707 589
879 715
742 113
376 842
660 332
533 186
992 404
387 852
372 446
335 554
833 961
418 31
603 266
505 795
91 478
219 5
151 861
890 978
50 548
659 637
953 152
424 842
349 779
243 312
321 899
854 744
546 25
518 83
756 762
941 600
317 74
246 649
78 533
560 308
337 749
670 313
854 458
801 62
987 114
437 698
789 597
955 821
960 985
82 827
147 763
626 444
591 974
902 623
762 716
815 442
877 13
130 552
792 581
80 439
133 435
653 700
585 734
268 670
485 864
89 399
538 687
173 535
728 242
601 100
917 872
130 330
661 990
815 9
28 429
82 291
549 93
236 456
130 509
594 694
240 265
282 32
727 305
411 460
586 466
715 314
535 15
849 780
28 627
286 635
508 703
144 80
292 168
205 633
701 852
6 618
260 654
971 739
250 574
287 87
936 468
499 469
97 306
837 406
146 779
970 521
422 932
719 918
378 822
979 342
730 637
915 549
826 72
556 209
479 546
775 113
11 204
882 483
510 544
613 145
335 703
683 353
517 603
609 554
663 845
156 485
67 194
251 801
935 77
350 567
601 539
983 321
556 789
995 271
7 591
212 547
428 672
158 457
217 915
414 599
203 224
665 955
181 665
916 620
294 904
242 473
853 151
691 292
621 91
532 444
39 604
358 926
448 407
341 340
640 533
18 985
447 896
308 135
541 427
799 731
691 450
231 261
212 251
549 992
218 688
424 47
254 159
307 378
974 710
4 442
667 234
746 609
374 678
932 222
456 751
239 748
993 472
150 119
286 599
262 720
309 926
864 363
258 428
816 462
426 909
250 594
941 58
101 429
672 977
582 308
894 234
718 276
168 592
794 300
698 192
970 557
2 715
976 546
638 586
798 383
548 322
402 532
115 31
423 494
569 710
732 406
698 34
864 774
683 314
336 431
229 188
176 312
640 151
16 721
590 159
635 562
764 150
25 393
844 26
665 629
371 596
392 207
66 506
69 969
678 733
592 926
220 887
630 762
373 579
797 225
985 321
273 845
554 477
403 318
373 756
464 688
262 519
856 722
568 70
682 50
576 721
976 283
781 519
579 966
35 804
291 458
127 394
68 182
189 51
802 845
680 702
588 799
2 470
499 928
80 526
300 727
924 313
799 703
545 948
692 781
269 76
967 373
145 454
208 758
520 150
460 761
672 305
322 758
36 952
49 822
188 211
45 822
248 318
362 330
624 169
788 802
736 467
753 523
383 336
455 967
3 222
505 266
796 513
525 125
839 459
434 766
883 533
370 704
182 970
408 477
816 490
898 192
242 518
386 492
461 872
210 40
798 441
107 688
681 609
789 11
892 335
455 409
443 451
617 780
379 449
676 691
312 390
833 804
834 535
837 640
803 304
346 173
272 824
366 168
683 294
248 727
258 790
544 543
164 992
556 846
924 810
982 208
590 405
60 672
133 188
550 46
776 210
565 89
667 645
960 621
192 647
601 877
303 253
565 202
895 631
87 538
458 374
556 515
523 714
247 848
85 53
711 161
142 164
109 847
990 1000
152 963
791 777
170 725
597 1
106 727
469 455
870 417
131 194
45 632
781 132
31 549
107 195
749 272
622 614
224 485
118 961
376 288
563 116
106 905
912 332
625 403
643 204
184 679
974 574
3 781
607 98
980 139
102 720
244 597
412 975
179 117
458 795
295 726
390 750
32 730
576 391
848 537
154 805
179 9
183 671
774 531
748 37
975 438
281 222
907 190
28 957
683 581
253 170
862 540
721 664
295 389
102 913
638 39
970 613
665 497
8 812
300 428
105 28
802 170
223 564
531 476
133 732
834 635
708 64
52 428
875 215
997 110
630 972
932 799
393 147
778 485
122 539
216 604
68 709
878 82
512 96
261 90
726 134
732 593
630 801
697 124
683 177
540 734
924 189
90 351
825 288
607 371
69 218
778 598
1000 346
1 899
952 157
60 426
351 229
597 253
636 853
213 132
126 703
473 879
496 440
338 599
636 964
491 127
438 666
807 519
41 188
80 726
433 314
415 382
645 457
529 32
291 821
308 893
495 573
231 87
567 921
58 763
779 681
391 167
448 999
333 754
788 585
185 756
240 633
410 431
288 975
842 362
332 716
907 218
290 184
71 989
99 824
63 989
764 574
266 177
802 863
660 353
37 814
663 622
150 519
579 371
135 465
590 17
787 4
323 222
492 575
203 564
595 618
536 772
214 148
388 785
119 233
582 951
646 144
761 860
597 462
483 226
834 57
609 868
578 493
378 135
714 765
274 74
493 854
796 459
156 938
268 556
294 792
995 125
796 122
339 641
946 427
875 467
929 607
71 206
459 808
505 518
942 711
193 324
822 873
605 535
752 245
72 191
862 126
40 177
35 53
50 86
112 227
644 836
581 431
490 416
249 666
809 300
314 658
541 893
727 778
999 225
533 573
145 660
954 482
257 882
666 478
210 946
837 87
529 814
1 373
827 193
866 681
723 16
19 708
233 252
552 360
1 230
542 583
154 908
48 135
874 127
89 74
811 526
418 9
920 379
280 986
577 202
305 441
896 228
860 173
113 624
958 614
985 900
177 711
698 35
935 274
955 432
404 426
868 887
724 755
29 963
911 293
380 57
581 319
699 951
95 582
422 306
189 541
81 508
264 684
66 328
11 457
218 63
381 577
367 914
61 579
812 765
29 229
397 577
768 379
310 758
136 245
544 722
941 816
15 167
869 734
251 155
810 12
39 754
443 499
706 429
398 887
860 934
193 370
1000 545
387 4
195 833
718 923
682 341
641 124
994 50
135 550
227 705
376 261
672 306
160 544
918 459
810 576
338 321
941 326
675 706
992 296
822 919
308 821
383 339
667 870
567 961
862 263
336 945
338 99
84 643
399 736
662 46
24 750
645 948
944 271
708 312
568 831
953 567
131 579
889 901
712 906
732 85
185 782
572 654
205 499
426 480
478 953
987 129
205 68
155 851
232 190
346 170
521 582
146 670
587 965
609 593
955 589
663 884
958 892
561 982
730 967
591 588
703 8
206 624
228 488
855 861
826 581
372 911
590 198
221 914
520 375
539 565
332 269
616 128
514 845
861 674
897 436
184 364
368 505
576 574
373 888
299 621
622 773
347 889
922 585
463 875
576 75
692 883
35 592
397 41
623 677
2 443
9 545
230 573
356 840
822 849
363 92
411 728
757 772
316 462
176 633
196 628
141 181
222 800
414 507
482 917
410 182
258 482
560 686
761 35
376 511
305 5
614 509
202 647
296 704
244 62
281 44
245 739
510 874
694 424
388 557
698 935
538 139
992 72
707 591
409 912
871 192
575 2
107 671
533 855
207 51
964 558
962 643
669 89
621 894
585 440
309 280
914 970
722 3
978 153
119 625
447 430
50 644
275 281
225 682
462 681
814 578
266 508
195 46
233 871
876 405
16 651
897 310
938 129
829 819
224 622
372 606
360 126
806 338
345 462
933 757
823 545
260 353
996 171
869 419
372 717
356 202
543 678
403 411
351 433
355 946
711 465
858 7
18 190
75 307
995 354
137 212
212 632
325 679
612 249
9 786
406 609
4 19
740 261
344 259
583 953
625 195
919 347
481 331
529 261
213 884
491 126
348 541
425 796
923 13
445 321
50 435
876 107
221 442
994 250
597 847
305 839
787 667
383 410
701 993
150 105
889 1
12 74
32 648
931 868
247 484
314 878
244 227
83 39
121 344
840 426
14 955
629 240
956 256
600 490
680 322
985 875
617 681
915 694
21 71
78 8
347 57
82 326
105 255
654 916
966 986
842 732
802 828
665 381
99 537
778 164
941 664
603 409
894 648
327 761
879 60
994 790
704 772
797 505
926 135
719 901
147 220
494 133
846 862
741 140
778 390
108 639
636 926
433 776
659 230
772 865
955 851
939 310
636 148
393 350
19 244
919 409
958 481
173 855
389 938
692 21
952 801
566 762
184 292
493 742
60 335
942 597
28 237
745 129
18 983
752 216
62 404
874 646
122 99
978 957
416 742
861 908
917 906
330 84
739 496
26 365
9 633
653 896
838 388
587 132
257 599
663 235
903 568
207 223
101 888
466 295
66 749
692 585
936 27
405 312
62 833
363 985
193 534
819 326
841 130
54 721
456 352
25 461
173 61
354 707
180 879
948 785
148 397
447 691
528 99
158 802
395 92
732 195
714 370
348 212
666 241
957 974
653 469
124 627
361 71
625 998
81 832
188 764
836 48
867 830
270 698
626 604
993 523
995 110
318 646
928 694
86 674
646 960
632 292
208 189
769 267
536 42
721 18
320 853
964 434
885 976
501 651
88 544
195 260
693 13
640 439
109 438
833 410
190 9
191 336
433 820
259 752
591 787
260 95
889 72
928 225
160 91
696 125
569 241
481 657
99 94
597 195
35 806
291 688
455 381
293 98
169 44
502 184
472 507
53 674
350 508
499 930
120 557
65 380
915 156
748 215
487 189
490 739
349 188
779 901
871 283
115 611
559 462
376 373
50 202
144 11
553 225
598 659
858 936
529 888
179 515
254 453
719 243
884 836
133 277
528 48
486 40
824 999
453 305
92 407
607 592
591 127
974 877
206 155
693 31
599 576
67 691
552 325
973 356
108 334
131 578
81 787
429 345
432 195
602 149
833 433
917 68
651 406
978 178
7 188
393 760
306 887
533 20
894 981
612 563
543 431
195 53
346 171
826 241
75 319
518 219
760 885
37 2
396 372
78 397
642 654
437 306
220 103
827 201
7 512
15 21
592 124
372 904
35 996
492 327
968 655
619 943
981 919
640 745
594 817
924 121
763 195
330 906
959 593
991 138
112 78
972 476
960 444
392 478
890 53
909 461
178 89
622 612
537 934
406 73
486 795
838 460
577 342
481 121
176 713
601 344
303 148
353 935
836 948
358 176
658 512
163 418
440 797
420 339
663 497
991 900
940 666
214 851
654 748
885 463
205 692
430 553
542 525
263 20
361 398
380 702
586 881
560 796
188 565
376 845
638 9
862 941
333 861
171 266
262 103
437 953
358 764
361 168
15 693
825 761
823 770
883 47
538 670
870 283
986 300
15 730
72 292
63 238
565 872
676 843
371 609
467 862
752 688
270 319
492 507
646 170
800 774
655 136
579 583
599 678
632 681
678 874
436 321
735 367
434 286
644 189
3 710
248 700
681 176
44 880
457 289
429 906
614 801
80 712
374 302
891 752
951 602
308 968
268 78
58 534
867 456
502 293
398 959
715 652
806 998
814 48
743 250
871 1
33 973
196 271
717 675
464 818
789 510
650 596
941 211
451 347
399 731
754 653
745 355
854 847
980 510
462 664
824 782
978 235
708 384
360 302
989 489
495 96
462 283
402 702
719 689
794 536
121 772
102 676
418 308
293 952
497 213
519 254
686 661
356 24
376 694
394 317
215 839
271 977
720 235
260 326
333 312
622 134
643 799
111 391
575 52
78 628
816 685
963 814
86 67
327 431
937 399
332 455
796 342
925 374
447 221
899 583
99 37
834 176
781 407
711 218
89 127
753 32
863 47
114 538
766 830
202 943
219 274
867 185
939 612
411 143
213 791
752 247
848 538
814 259
541 601
619 857
662 695
832 46
260 591
852 33
980 94
538 411
701 772
225 75
581 318
675 697
469 832
275 807
348 951
75 713
944 662
687 454
101 543
693 773
275 916
816 336
120 61
768 531
732 220
183 148
97 339
758 616
524 240
58 110
519 431
99 854
941 473
637 458
747 406
769 104
682 731
977 397
650 317
581 771
694 34
328 887
720 425
114 152
25 953
73 901
147 138
668 568
981 644
786 591
15 387
143 254
350 534
441 715
88 545
837 860
713 838
554 495
523 453
561 650
191 339
549 589
694 622
160 92
14 107
821 793
860 817
223 83
958 386
572 959
527 171
680 530
57 565
748 833
855 767
256 973
97 977
633 647
191 791
92 556
183 647
632 541
999 801
144 253
308 896
681 426
294 631
210 882
840 517
444 711
684 910
850 418
525 122
653 133
123 880
514 205
642 438
935 799
480 3
244 36
154 204
482 721
799 252
325 574
487 320
490 164
870 131
963 511
858 715
140 830
931 29
441 265
258 721
67 323
339 422
638 14
361 34
889 918
287 846
550 832
295 428
650 334
216 950
492 126
281 402
482 11
750 678
676 525
346 168
114 188
831 355
542 210
858 271
34 989
492 513
278 639
219 812
727 35
308 147
788 165
755 298
480 796
364 33
821 91
146 421
455 173
318 255
930 485
569 163
641 57
666 783
351 125
65 140
657 960
571 902
22 594
792 621
48 813
723 688
743 525
486 574
383 130
682 672
296 134
773 668
942 765
943 44
682 310
75 802
95 431
633 780
279 180
239 96
946 83
982 637
931 765
288 784
560 721
429 248
412 970
469 663
457 247
644 685
28 666
801 926
14 989
71 724
245 737
887 854
709 82
938 508
491 609
521 932
197 721
564 617
408 171
104 538
414 385
474 692
132 850
690 656
529 534
159 343
92 154
457 563
3 763
98 807
251 571
270 627
362 752
716 999
73 611
402 603
475 947
314 383
81 24
508 57
842 777
95 523
208 165
851 573
582 831
217 665
324 731
935 421
158 326
911 140
878 81
915 201
310 525
169 943
315 889
824 141
38 187
826 370
891 183
657 531
450 819
597 265
139 929
839 444
957 306
550 177
990 824
539 384
801 779
193 204
182 880
493 657
521 371
169 107
868 419
192 900
601 104
127 961
545 688
344 255
252 984
889 196
143 539
311 389
348 786
213 995
545 509
874 578
785 179
143 825
904 607
250 459
32 650
514 282
135 782
905 891
413 616
969 8
382 87
386 288
118 637
885 407
620 919
589 672
951 25
885 277
82 34
196 46
125 384
401 962
823 67
440 536
522 506
405 230
384 586
592 618
6 170
579 372
851 507
600 697
711 883
361 139
289 998
40 685
78 296
246 862
923 951
893 253
293 935
205 155
336 86
543 759
730 778
877 681
125 964
705 600
433 957
215 823
551 185
310 745
114 422
460 190
259 662
651 492
355 33
517 218
9 953
52 967
826 746
756 879
5 311
190 845
434 259
416 794
473 223
75 63
313 646
353 433
995 126
389 569
249 256
527 199
179 109
307 416
771 273
256 994
155 20
821 599
383 90
723 459
458 111
723 985
173 392
991 622
952 521
138 383
993 355
60 30
852 34
784 834
433 180
698 648
515 50
936 29
754 828
105 654
447 991
715 683
831 805
542 680
683 379
840 178
874 235
549 433
145 939
811 726
849 415
10 379
564 902
893 974
660 401
78 106
962 713
482 96
368 822
220 271
419 100
923 719
85 647
300 733
343 51
129 889
134 234
962 491
873 220
661 829
512 422
696 707
159 589
551 895
441 936
996 158
815 826
212 877
543 747
376 723
659 294
893 915
276 990
383 906
444 865
952 395
666 562
123 715
20 475
303 372
565 65
505 143
553 521
352 838
725 267
28 45
302 564
104 347
731 93
913 369
886 822
133 660
406 274
570 651
312 759
296 372
593 538
169 163
636 920
621 204
355 358
956 791
278 271
652 568
874 760
315 756
476 396
404 721
645 509
792 863
188 120
64 54
562 269
465 700
467 179
710 157
457 669
951 669
607 303
114 880
889 78
899 969
908 240
487 498
624 316
680 254
633 194
797 857
83 225
853 973
175 561
319 212
629 182
956 458
831 686
620 991
681 613
955 130
666 211
315 291
427 813
983 848
36 463
166 973
149 168
639 367
44 50
7 190
409 731
379 453
489 389
823 824
916 142
497 946
663 915
315 513
456 670
105 181
660 139
684 241
472 639
733 604
829 925
707 33
907 675
765 363
499 736
824 259
915 172
206 660
375 68
63 53
716 384
38 156
166 550
646 351
830 392
462 780
467 674
433 854
52 8
661 626
692 589
779 521
398 167
311 642
147 869
777 510
27 203
1000 753
930 708
613 587
62 451
247 989
398 961
14 602
352 575
961 875
874 732
654 182
856 204
257 620
865 503
576 846
494 985
562 305
943 156
766 593
442 403
408 543
61 623
966 422
182 465
875 26
426 911
27 676
391 191
107 370
434 670
608 701
651 459
853 993
124 983
785 385
70 405
736 209
862 625
441 443
663 352
116 115
499 109
944 302
177 465
931 56
538 230
684 288
613 390
747 448
732 52
21 401
833 875
461 106
813 213
720 483
298 665
281 621
685 368
768 105
487 811
147 340
792 31
24 137
650 69
780 704
507 498
740 62
7 977
928 478
412 167
512 29
73 813
972 943
973 322
340 755
704 985
69 909
267 765
290 566
511 568
683 181
373 519
803 876
915 422
899 621
981 937
565 298
695 955
311 742
792 586
649 199
190 801
237 474
54 375
501 133
340 5
711 22
457 295
313 843
400 193
406 107
245 49
652 343
863 385
909 64
109 738
866 959
638 395
931 873
605 322
111 521
575 111
282 463
785 526
771 769
3 626
616 1000
470 747
141 521
480 443
836 840
12 314
676 785
634 903
376 875
506 806
489 460
207 567
639 629
410 764
306 829
22 530
897 230
132 597
873 231
142 522
540 987
381 456
495 320
557 325
885 840
890 866
195 412
894 542
933 662
437 455
226 634
642 800
787 433
700 854
916 267
887 224
981 875
639 835
804 576
369 524
479 114
907 969
285 981
948 11
252 680
659 88
206 995
762 749
249 406
982 510
948 186
805 287
255 680
57 543
99 180
541 309
835 520
88 899
369 942
20 70
528 523
196 937
144 772
155 236
936 480
476 425
583 958
745 880
908 894
948 591
827 630
679 745
761 254
743 314
600 60
106 973
568 602
559 879
718 716
809 272
831 983
614 557
795 325
667 402
602 889
179 552
442 314
986 341
124 936
489 253
70 322
120 63
340 588
767 871
235 414
552 364
880 585
148 383
278 654
337 322
106 385
159 153
15 296
879 270
755 788
167 642
724 537
382 997
8 533
551 536
765 476
7 234
543 436
301 969
87 88
289 897
313 11
90 223
664 27
638 684
342 505
110 5
1000 142
614 916
995 449
722 635
688 311
855 181
547 636
482 20
237 126
186 972
26 793
695 733
846 872
526 853
854 102
8 740
521 123
333 909
355 173
838 682
680 532
933 206
844 287
682 462
645 218
313 673
743 747
451 955
86 446
715 10
330 996
296 172
156 680
144 864
780 109
202 58
425 857
444 211
945 402
874 520
670 833
152 350
606 67
865 347
966 443
254 377
41 922
351 765
927 292
303 638
253 959
516 397
525 457
573 477
443 248
255 912
729 711
267 376
243 553
558 482
229 360
754 903
332 615
703 624
733 453
564 778
765 151
550 517
893 713
152 717
78 246
826 777
940 132
869 58
543 313
160 958
323 154
515 245
952 330
181 24
437 398
593 40
441 971
544 532
346 968
298 87
268 771
560 986
951 452
826 577
147 978
86 137
969 875
53 368
865 842
445 274
734 555
436 287
866 340
28 161
341 422
566 673
705 67
304 804
105 931
776 232
924 282
28 327
984 53
412 550
631 747
838 451
608 592
3 144
166 588
10 764
601 349
602 910
235 171
535 86
704 82
466 132
500 61
192 358
836 951
433 76
435 650
68 208
883 500
253 820
10 164
715 963
724 883
618 154
31 615
110 534
852 818
681 755
466 814
993 967
777 530
524 265
263 964
695 208
509 893
445 725
997 24
285 396
876 907
665 278
404 366
264 665
671 488
30 480
17 967
15 340
402 891
935 423
868 922
742 951
462 461
88 620
765 270
821 12
299 925
273 750
860 550
347 413
441 848
906 266
13 620
60 577
353 596
83 800
997 476
618 899
658 362
390 51
496 223
236 112
924 41
855 579
92 833
221 611
766 769
518 544
78 987
805 92
411 341
31 516
625 289
39 869
758 71
260 598
120 727
230 684
468 273
329 77
934 530
149 698
649 642
416 404
50 145
490 472
744 520
326 14
816 472
500 17
905 889
983 580
487 309
434 643
24 699
97 475
888 442
870 254
818 285
197 864
509 78
849 433
372 250
945 732
111 863
498 304
512 702
551 631
788 283
226 268
422 553
538 846
872 4
154 599
585 297
569 684
396 952
557 307
223 443
363 12
8 555
9 374
926 139
195 415
837 980
398 288
200 487
95 766
995 420
423 183
599 62
472 935
234 714
199 332
754 5
592 936
369 97
460 184
619 248
707 393
122 939
553 183
57 828
994 743
317 370
82 793
817 842
584 555
803 779
990 651
652 816
499 604
545 832
284 236
69 642
394 892
977 249
808 526
725 87
999 600
377 313
620 275
450 567
420 835
478 217
541 421
691 456
286 812
583 46
957 360
18 866
295 530
500 288
799 598
782 800
514 450
17 154
115 524
221 410
939 775
562 502
446 789
303 756
487 123
291 212
58 553
405 324
667 145
939 916
357 603
252 456
676 193
605 165
36 96
662 916
22 55
405 437
776 567
588 306
260 264
451 427
453 345
757 395
918 827
814 962
28 883
76 30
36 326
560 840
957 970
375 649
280 641
486 354
253 109
19 60
292 575
189 965
813 139
855 368
669 460
769 414
350 763
595 924
524 416
677 850
968 810
97 862
702 511
650 26
124 51
252 120
159 732
54 418
367 921
939 104
152 678
964 461
488 286
968 520
220 845
739 967
96 835
61 719
65 820
467 648
786 876
364 768
94 425
479 81
302 570
902 553
706 422
1000 663
201 566
329 457
166 244
387 233
292 298
719 21
892 611
969 650
183 640
991 377
153 981
357 669
999 802
446 934
252 715
240 841
3 183
870 981
232 969
62 513
912 245
753 525
644 692
226 391
463 470
376 488
515 161
611 520
89 822
346 621
920 446
974 881
957 637
233 195
510 305
459 902
975 329
353 746
7 43
889 904
29 751
380 773
16 902
998 181
347 819
214 388
580 348
290 108
219 791
348 474
927 776
238 505
385 497
3 958
225 754
48 277
780 734
492 636
955 576
954 620
312 89
366 396
904 445
25 692
800 766
772 16
858 44
335 599
283 14
901 16
375 503
178 529
89 154
364 868
716 17
458 481
866 482
683 216
904 155
49 772
2 615
734 693
695 849
60 412
495 765
886 784
515 747
88 973
895 962
291 592
623 563
271 462
75 249
882 715
574 237
902 676
283 20
106 721
326 458
455 754
574 380
577 8
118 936
446 564
785 59
622 616
770 945
401 149
574 463
80 895
831 921
387 368
780 457
545 692
78 208
141 633
261 972
814 24
139 288
72 797
419 48
760 362
707 677
231 783
270 933
714 295
1 176
956 488
262 313
841 952
954 249
853 359
485 17
379 626
76 562
884 233
278 550
137 690
644 889
893 101
414 166
863 861
168 844
673 945
780 627
730 642
786 752
373 500
312 279
77 41
560 461
321 479
945 517
86 857
582 818
87 240
294 298
497 190
209 258
670 145
963 937
327 310
458 547
543 562
468 632
12 954
308 481
660 894
700 803
937 407
665 928
407 495
190 965
47 836
879 151
679 131
296 440
367 695
80 287
216 239
687 143
131 262
353 426
406 668
801 386
839 78
435 188
741 146
65 399
999 900
162 518
217 372
753 794
521 280
667 406
895 196
239 532
227 540
302 46
766 627
588 515
153 830
226 476
912 61
549 184
54 718
24 525
685 296
922 106
546 686
230 399
31 202
822 707
605 241
98 629
500 897
874 277
261 706
483 846
853 884
603 577
585 462
668 899
6 798
392 670
724 519
99 478
368 781
883 158
441 183
519 468
245 917
897 228
185 186
457 701
42 725
557 306
25 929
246 861
561 823
531 619
897 277
402 717
846 816
14 238
543 752
470 4
863 599
412 133
809 559
755 487
518 449
578 372
764 111
915 87
636 145
527 34
701 491
739 136
247 865
51 138
715 147
592 358
611 450
350 122
395 681
454 212
511 650
829 504
745 997
355 401
249 246
126 556
591 845
113 423
518 924
925 950
710 180
197 271
382 773
753 663
499 124
813 693
745 775
529 6
527 535
452 723
988 445
19 804
496 535
222 682
947 384
568 971
76 693
387 729
415 15
788 619
97 486
400 407
262 374
634 711
920 605
926 665
31 63
948 909
606 673
628 409
408 230
210 206
451 200
982 244
375 619
77 318
495 19
387 772
896 250
346 289
368 809
495 384
318 651
531 534
419 516
630 928
685 865
320 827
449 729
506 538
124 477
694 977
418 340
720 316
459 416
834 812
526 654
251 962
653 719
77 834
995 451
775 385
618 550
566 270
459 758
330 558
94 543
534 872
722 520
817 279
870 410
238 798
722 667
191 428
854 100
51 377
860 781
627 554
242 500
207 634
356 636
517 397
39 633
563 323
361 831
936 335
610 826
390 840
69 391
839 167
786 305
201 791
975 306
856 21
40 34
131 909
761 152
615 781
874 409
874 5
607 980
586 21
839 181
37 475
496 563
763 727
620 820
568 999
30 124
704 231
500 74
706 781
430 885
570 10
883 395
760 190
601 413
642 212
2 823
205 284
603 649
766 71
968 770
509 998
101 172
67 468
285 309
720 506
405 908
389 375
889 745
251 640
307 658
536 412
259 791
333 410
480 562
891 464
357 276
788 18
570 135
312 203
578 666
318 385
854 311
600 914
255 814
509 554
21 574
460 114
116 764
90 467
293 350
935 227
167 373
706 233
228 357
545 45
109 38
653 575
527 26
18 118
910 741
493 170
501 317
284 213
187 514
259 497
942 662
707 113
485 244
985 241
240 904
259 30
136 723
581 389
281 670
507 738
259 981
899 206
842 150
447 818
377 210
787 747
757 191
537 764
524 880
429 244
527 591
487 386
206 478
279 406
791 238
662 93
221 227
349 302
644 653
521 936
828 316
666 131
405 93
871 254
633 317
172 79
979 809
466 812
450 425
548 306
119 591
319 153
431 819
971 806
348 447
423 431
924 752
154 736
360 469
551 947
399 134
772 940
403 195
281 739
99 390
366 62
919 828
385 589
850 635
427 214
29 54
809 562
540 678
975 785
542 492
639 155
599 133
86 56
368 531
413 570
825 184
475 627
95 954
186 898
152 526
616 83
321 105
255 544
373 444
420 587
517 35
22 643
703 264
467 560
564 66
677 429
127 506
443 555
960 767
887 428
890 368
619 594
302 482
32 194
804 544
761 389
925 544
766 918
2 409
611 135
939 652
944 818
134 942
174 907
469 206
252 843
827 623
184 731
684 812
97 142
424 202
905 669
31 919
897 541
348 825
62 687
656 164
140 13
892 906
236 742
330 367
41 976
547 346
213 690
417 609
469 792
644 540
596 805
701 733
685 184
887 822
546 542
823 46
149 81
847 164
832 643
121 444
28 920
432 49
716 801
125 13
16 975
202 790
291 691
923 794
980 729
656 767
439 628
530 703
416 483
824 480
987 124
533 440
756 695
161 17
458 601
510 778
99 765
190 132
321 299
817 622
603 189
17 396
21 630
673 47
506 328
587 737
700 960
898 920
796 339
1000 302
817 840
748 948
584 557
873 112
136 62
321 998
52 882
326 369
916 987
942 607
675 864
269 207
807 595
848 896
151 239
745 996
688 985
874 640
822 864
675 963
972 306
500 290
526 440
305 788
412 691
482 996
447 842
359 46
808 288
2 43
202 487
279 94
45 859
871 467
946 224
433 57
272 249
990 487
663 455
114 967
407 517
672 634
620 864
801 946
58 265
77 475
150 361
230 59
253 250
332 853
719 973
174 926
563 625
604 387
842 536
440 568
684 491
923 244
909 694
517 645
629 609
116 852
798 246
871 996
820 586
731 177
426 981
151 384
204 279
940 163
380 48
72 353
733 628
772 612
108 594
765 323
916 443
917 542
137 52
713 841
700 885
792 376
298 1
192 516
213 498
612 40
647 603
304 989
450 887
685 286
716 126
78 887
688 743
925 710
291 694
734 366
860 957
717 612
540 336
460 531
602 740
274 331
26 472
597 47
209 934
359 364
613 123
532 702
561 407
149 542
356 802
696 447
787 616
11 610
643 105
168 135
20 294
620 821
527 667
676 231
715 587
534 141
3 343
941 133
687 481
945 194
343 687
71 892
222 760
580 490
873 352
489 111
567 252
755 836
132 891
199 293
500 873
443 406
486 268
966 634
400 615
440 724
225 534
229 486
110 347
493 433
422 631
367 531
542 836
346 181
43 255
595 954
66 308
270 442
109 370
646 49
707 37
726 259
232 67
51 521
267 423
608 430
20 276
829 522
977 799
480 785
446 42
375 64
934 748
292 940
60 696
498 909
643 229
673 471
87 445
345 6
114 381
77 583
481 582
321 61
749 85
588 85
331 196
903 954
329 40
192 782
9 840
545 782
948 381
786 112
426 530
672 119
356 736
639 459
1 857
787 934
862 174
776 181
521 57
190 619
247 590
268 465
535 397
738 123
98 410
906 671
892 752
331 512
481 115
524 881
942 480
68 437
567 909
434 779
754 832
188 894
351 722
951 387
865 70
721 463
50 970
398 665
642 6
699 475
701 553
797 938
561 866
145 887
148 306
849 475
211 755
423 324
195 249
34 169
534 378
613 698
106 343
822 33
825 771
826 44
58 146
811 816
635 660
963 141
840 924
803 724
919 974
223 589
475 942
492 610
988 639
294 820
78 499
336 254
982 133
195 309
677 761
474 580
769 742
114 447
385 765
579 219
268 802
843 862
436 216
21 962
795 531
815 476
503 128
331 19
954 31
834 166
247 159
297 16
904 8
78 943
621 255
342 992
329 391
848 933
23 415
89 263
53 740
202 238
520 199
429 905
948 631
625 294
539 82
723 945
689 577
16 306
451 658
197 442
35 339
733 280
930 890
631 633
487 417
269 878
384 504
202 339
735 719
542 689
814 58
504 87
663 275
870 253
660 138
357 774
28 874
712 747
315 510
193 990
585 460
107 624
327 835
453 388
525 752
691 123
620 690
34 205
534 262
646 844
320 930
64 988
466 928
136 688
737 507
996 272
357 474
655 935
786 722
539 950
488 406
507 402
608 487
369 405
61 567
892 39
769 706
839 581
172 519
912 802
179 293
149 662
327 421
773 457
636 147
990 654
43 643
924 8
691 303
749 29
861 739
881 237
329 897
303 34
145 64
38 277
207 390
32 862
165 926
524 731
550 259
793 526
477 13
459 526
889 437
541 708
487 116
179 959
715 721
537 529
757 118
758 209
235 372
58 679
585 830
3 378
866 718
10 514
463 364
899 449
159 103
128 985
384 371
576 455
261 659
687 445
174 352
675 413
567 155
888 324
455 214
614 146
923 731
672 857
87 305
841 886
401 929
918 978
730 550
34 209
253 475
664 840
2 627
176 162
146 518
869 2
943 951
405 478
470 183
932 968
555 383
593 192
651 800
891 423
138 885
696 695
255 820
661 391
555 140
425 487
319 775
623 213
881 478
184 122
440 228
995 338
707 358
820 143
514 974
215 583
843 870
368 326
166 9
630 610
722 665
501 438
728 486
159 908
791 655
792 535
407 134
501 295
105 826
161 632
291 697
329 462
973 761
8 149
62 296
672 108
350 850
766 860
583 126
235 788
805 384
558 584
406 309
670 826
734 393
793 633
829 139
909 283
70 113
388 470
519 948
201 119
793 75
893 538
505 713
537 670
650 903
614 348
816 483
132 981
25 35
63 575
174 380
309 667
291 416
20 866
811 553
226 893
765 750
628 110
522 447
633 400
647 154
196 242
949 988
570 419
366 198
257 274
99 969
962 601
889 751
341 524
161 254
343 210
551 905
55 734
871 664
643 959
219 465
595 554
155 585
482 37
817 548
216 585
33 21
548 732
574 852
834 484
228 400
670 203
929 979
252 270
703 129
299 327
212 620
678 833
436 372
166 53
155 260
263 945
378 199
772 413
994 285
834 242
251 300
144 930
492 82
809 912
701 130
448 40
32 791
550 105
554 868
676 54
810 266
725 253
966 249
456 626
473 564
404 754
791 998
114 830
391 404
304 518
606 35
455 525
439 392
847 319
926 938
256 910
469 657
273 398
404 976
151 357
27 699
121 324
761 532
755 517
774 633
547 857
136 785
715 967
432 297
921 68
157 172
693 744
486 350
474 702
745 281
103 419
604 68
881 969
964 76
620 734
399 275
775 313
989 655
597 937
911 500
824 454
921 489
815 776
686 640
929 157
124 7
532 110
863 636
516 356
409 317
365 698
20 297
259 531
878 212
722 575
997 375
601 950
484 798
324 999
87 576
489 817
588 235
645 124
463 561
716 748
708 442
674 540
930 626
398 711
929 71
902 756
506 135
273 46
990 973
293 35
791 804
333 802
47 20
606 999
329 279
791 917
512 652
602 896
467 129
876 99
14 758
587 144
754 643
727 320
616 672
84 126
321 580
984 388
73 235
588 574
849 890
760 427
49 370
231 78
287 200
992 782
978 305
961 517
504 88
413 610
692 659
488 758
418 792
473 89
386 314
206 171
558 60
317 722
600 498
488 588
345 965
589 602
951 23
534 37
44 209
742 440
300 107
926 307
12 311
362 828
290 177
201 506
240 417
438 505
793 30
278 598
413 821
659 709
846 21
189 814
150 540
906 918
764 934
569 688
950 503
163 899
368 927
898 594
955 431
479 933
93 504
161 166
419 762
186 723
793 425
802 425
622 286
859 184
632 494
592 64
428 523
69 987
158 420
640 419
664 297
89 810
797 19
998 700
655 245
502 107
934 404
604 296
378 140
623 406
899 588
442 929
665 818
209 670
636 771
360 542
605 844
456 8
133 209
350 121
958 376
688 844
908 533
344 265
360 685
198 189
797 889
218 535
790 529
575 753
209 952
925 514
511 31
277 563
387 431
210 758
136 749
47 409
576 756
36 910
753 660
221 406
212 731
179 958
272 108
164 42
19 809
664 951
225 76
101 753
706 949
359 185
865 28
742 378
642 188
469 826
129 439
257 250
797 992
547 201
491 559
917 455
595 213
334 107
656 319
435 996
540 717
522 408
840 216
215 173
309 344
437 147
935 692
827 279
336 266
617 943
690 549
964 132
517 532
79 506
849 204
668 640
909 626
462 745
659 675
253 316
458 644
384 815
518 134
811 136
780 815
74 343
364 606
642 674
422 442
388 254
355 869
542 411
950 93
234 810
676 872
994 532
591 874
149 205
945 771
761 503
303 967
631 222
380 502
330 783
368 470
497 310
319 629
142 214
38 423
352 954
574 245
888 860
407 246
283 12
607 119
256 964
905 505
190 589
999 969
71 314
205 836
4 497
870 638
835 777
430 47
154 699
808 155
75 908
705 309
46 255
598 568
879 885
1 398
538 351
116 327
212 895
185 714
607 459
83 231
376 91
874 166
90 713
417 559
898 214
370 585
922 208
64 712
393 518
965 158
515 323
556 365
738 520
560 872
979 782
841 785
716 875
920 160
149 178
998 936
485 74
656 682
677 780
243 184
104 850
750 681
536 415
313 42
64 111
265 143
690 856
143 170
346 34
661 297
129 968
593 35
336 20
726 257
764 204
981 252
70 574
707 436
284 387
287 335
450 951
342 137
626 60
994 568
834 977
337 527
691 584
194 432
394 734
125 744
406 517
834 64
789 895
125 746
109 180
671 526
97 532
577 226
560 719
382 876
490 557
491 508
863 108
41 61
762 913
856 470
415 767
844 655
574 352
98 41
830 974
271 695
710 352
623 797
737 710
330 148
267 404
908 771
624 112
988 497
109 760
156 306
589 851
954 673
107 360
804 82
589 804
383 719
956 373
496 585
797 823
301 72
193 839
784 174
513 480
20 656
976 710
115 786
560 901
758 568
64 724
194 671
671 915
986 21
966 725
55 494
426 570
447 320
414 27
362 872
129 153
722 248
150 625
941 282
910 795
175 934
200 274
666 468
58 144
337 703
958 551
851 597
981 796
731 251
481 753
200 353
717 388
251 798
587 920
492 604
403 53
21 750
696 880
933 589
327 306
76 242
964 588
613 981
318 51
934 737
77 664
647 524
284 22
251 237
178 566
902 949
347 702
95 52
702 100
544 386
71 79
717 601
248 708
981 36
196 812
986 906
736 873
843 15
826 819
442 748
683 998
226 7
544 96
728 253
340 3
415 723
71 365
109 954
104 547
611 136
869 832
401 176
454 398
862 27
167 277
302 50
965 786
197 440
549 211
143 774
183 885
723 800
956 408
199 70
177 132
932 60
145 678
55 191
790 182
314 887
277 353
741 908
444 502
469 134
417 614
187 902
67 738
12 161
406 740
469 918
833 136
119 782
339 502
275 606
827 413
223 892
3 591
1000 647
618 10
604 41
42 590
479 535
650 257
100 344
430 765
54 185
438 280
371 807
399 231
305 352
122 722
768 250
453 966
789 668
374 102
920 805
560 380
446 17
194 214
693 48
894 915
902 804
303 345
485 582
969 853
41 16
589 871
111 508
829 673
332 511
151 917
189 322
73 509
303 719
654 57
238 363
536 915
359 269
665 817
853 156
83 749
503 279
307 56
455 400
937 145
4 248
722 981
762 870
174 712
359 756
649 886
744 564
513 52
753 826
130 293
224 456
558 925
282 152
585 961
734 460
182 625
560 84
723 847
184 616
742 172
710 59
698 659
75 624
315 193
922 987
743 129
527 640
469 840
202 373
592 736
335 179
689 222
27 531
746 268
505 525
324 55
197 847
399 519
577 929
318 941
746 40
983 837
585 494
54 123
384 147
2 734
978 199
581 890
729 911
162 24
882 427
404 461
392 525
409 625
926 462
394 231
346 220
54 133
247 375
313 13
860 497
1000 820
641 223
570 239
918 685
264 854
542 9
836 366
68 752
454 729
755 342
962 132
358 873
472 904
773 236
52 300
105 542
164 725
436 146
221 900
627 641
152 585
380 503
496 28
665 781
282 939
637 966
667 308
266 293
936 307
506 686
757 901
443 709
724 306
605 625
643 332
37 229
115 765
353 176
156 639
102 469
715 744
567 565
348 845
828 71
652 277
16 63
37 455
349 85
666 393
558 155
425 637
763 747
250 522
35 250
793 778
81 616
941 130
525 451
234 6
800 752
97 516
926 24
529 913
694 373
492 949
54 980
22 310
25 210
465 491
798 387
55 823
168 710
903 104
988 263
917 188
760 783
906 943
580 26
524 900
59 541
133 894
941 727
584 428
877 729
915 836
475 845
128 257
169 955
601 600
730 124
983 258
750 123
678 756
403 502
61 750
725 327
85 216
969 877
277 950
792 454
77 580
502 934
657 952
40 966
710 785
763 218
138 683
251 302
48 516
60 264
496 768
908 990
484 349
468 37
507 521
532 750
476 504
617 708
961 876
472 335
348 674
956 929
459 635
288 609
515 360
495 546
211 91
325 605
984 345
88 270
940 519
53 976
884 818
758 799
541 827
599 530
720 926
500 938
282 357
727 693
619 468
241 782
922 309
427 753
428 78
448 692
784 318
876 588
663 750
64 580
565 556
841 780
331 155
201 429
646 871
684 430
201 525
893 96
729 967
270 635
995 112
972 625
846 174
993 586
498 488
953 164
368 964
431 718
137 407
584 456
659 502
109 339
826 269
294 303
460 3
744 142
566 347
899 692
113 993
406 964
320 517
262 664
105 581
52 68
808 762
665 939
144 738
812 989
762 720
526 86
88 831
14 43
271 440
202 161
57 516
359 259
351 238
338 699
486 393
247 777
529 354
296 219
271 727
329 372
71 364
535 413
75 873
973 784
744 410
260 973
889 301
69 347
549 65
566 929
630 20
387 450
979 284
376 327
567 637
126 279
360 387
888 738
908 183
214 938
892 902
913 783
610 435
387 736
122 421
657 258
182 295
742 303
62 909
653 342
840 291
10 8
93 777
334 13
526 426
395 443
548 195
326 657
26 322
628 49
974 221
775 980
979 713
104 653
802 850
513 237
107 514
441 186
152 3
794 766
100 345
963 221
752 920
647 431
372 533
911 297
450 171
449 683
785 930
185 46
612 323
704 798
114 858
198 868
180 503
954 730
635 950
61 564
100 14
542 445
622 143
218 209
925 588
721 206
651 743
321 216
997 812
639 840
624 543
989 981
494 493
281 910
468 776
700 947
592 204
423 608
104 502
833 380
950 851
352 912
44 958
351 194
230 913
511 321
325 931
644 41
826 980
574 174
832 281
523 924
940 591
667 129
663 140
922 774
191 843
1 567
149 631
957 256
939 893
836 727
563 953
362 346
509 409
951 294
934 560
791 153
905 782
358 230
982 812
221 182
461 743
667 772
157 686
802 549
876 502
608 892
861 70
894 22
550 962
411 879
281 355
599 551
5 21
20 824
438 475
205 452
189 991
617 796
730 549
594 516
786 817
863 771
516 980
578 913
382 60
99 575
284 667
603 511
287 512
35 184
254 732
39 48
855 178
380 274
330 555
354 437
105 541
71 645
716 491
811 313
134 558
564 151
765 530
87 522
752 614
626 504
238 914
114 46
259 267
925 706
433 671
915 340
208 787
238 637
41 455
540 63
707 593
860 462
757 851
895 933
491 419
681 247
499 940
779 814
193 317
486 666
13 234
540 887
678 228
718 785
809 91
719 504
460 749
279 171
652 391
106 921
808 157
297 408
721 496
692 567
841 219
457 194
554 560
666 406
940 537
905 810
504 35
69 53
839 593
328 369
609 192
393 583
439 71
685 363
562 246
379 782
414 259
163 1
699 435
348 3
922 222
281 206
126 847
533 824
127 673
55 388
239 347
594 182
577 908
138 464
836 143
199 1
267 188
275 665
244 370
462 297
686 310
837 739
238 272
954 961
873 493
902 417
36 632
318 680
450 352
596 619
626 969
11 401
342 429
234 618
56 774
717 111
672 75
646 53
298 975
389 20
941 615
1000 61
928 458
548 735
492 393
541 273
85 374
178 696
142 999
270 216
420 239
868 195
209 570
657 558
622 54
597 380
246 346
468 832
431 444
551 351
701 302
626 441
910 10
456 919
831 459
327 140
274 280
977 735
317 150
688 790
142 291
92 922
979 402
83 329
579 716
502 269
645 473
494 993
922 894
5 954
779 987
339 928
377 213
322 814
888 544
775 559
316 432
923 344
157 884
340 318
847 425
830 697
980 270
193 724
909 822
567 830
163 428
491 971
48 420
334 391
102 163
304 246
269 552
261 744
23 537
82 55
608 915
99 776
962 662
964 56
106 448
750 617
987 329
201 428
384 92
292 637
793 176
560 229
101 203
949 829
74 403
517 729
332 360
367 136
709 689
890 999
125 838
574 533
261 172
136 593
234 590
553 798
682 954
117 839
65 980
108 526
271 116
844 549
627 346
960 935
32 514
786 799
367 588
460 226
632 428
308 414
401 212
402 167
69 216
942 981
304 921
873 728
692 4
626 256
464 515
571 394
554 180
480 846
459 824
602 946
317 186
108 97
536 710
922 803
446 913
822 776
839 874
472 300
516 159
240 824
59 476
331 595
919 50
634 88
589 996
364 409
348 822
258 42
117 432
336 854
988 372
840 582
982 769
365 769
2 89
213 701
384 363
470 386
766 422
270 907
918 859
885 284
79 341
28 917
699 664
505 992
841 862
182 70
408 63
121 560
196 166
927 267
695 156
741 334
817 310
124 320
677 982
791 301
264 557
542 128
524 443
716 416
223 429
993 710
959 505
449 352
391 637
588 469
347 321
275 28
938 292
756 993
100 15
392 192
526 551
530 602
693 62
877 817
473 411
769 710
368 719
557 607
651 742
64 689
911 24
911 66
290 594
420 517
242 379
578 481
852 512
297 468
199 107
237 436
705 994
264 248
84 473
800 26
798 629
952 837
19 366
294 788
740 300
389 544
193 167
198 176
645 383
166 80
307 472
435 271
643 338
723 992
939 751
168 1
505 559
356 422
870 947
338 224
102 265
586 74
988 298
383 304
455 871
962 909
724 220
743 16
788 625
873 273
26 533
474 706
491 544
755 879
276 316
295 496
81 812
318 595
673 672
413 869
894 102
876 661
404 88
560 222
79 478
162 22
544 802
765 124
101 352
972 698
977 20
531 653
824 385
362 576
990 586
399 197
156 478
85 480
33 13
252 119
273 542
310 595
596 988
833 486
815 690
262 726
70 652
604 627
200 665
459 132
833 407
852 693
212 596
839 39
277 912
189 356
890 467
528 818
798 710
782 203
230 249
549 708
186 822
706 117
48 827
468 924
930 697
127 441
471 795
397 43
830 838
99 216
83 575
890 181
268 347
820 344
923 72
554 742
887 256
505 2
838 332
809 90
313 907
978 579
995 867
559 98
304 542
353 343
842 18
719 360
60 59
690 94
925 773
88 308
325 830
249 95
258 18
577 752
88 419
643 345
400 815
475 485
37 598
866 750
456 283
945 197
343 682
309 630
805 593
131 13
611 670
499 408
816 374
279 622
486 182
612 960
168 569
137 526
29 744
492 966
54 69
880 764
77 220
868 569
758 765
7 177
603 316
984 810
966 910
436 653
517 740
257 278
9 294
923 985
622 321
489 285
380 52
510 613
594 360
65 606
356 75
764 856
