852 2811
271 510 616
538 107 940
141 449 426
415 93 514
287 390 78
181 372 696
582 217 644
233 778 224
758 225 645
418 598 138
466 223 916
202 750 304
693 311 511
152 467 805
573 187 239
112 224 819
231 524 760
757 462 166
62 314 386
731 661 451
458 851 569
136 85 185
677 574 561
359 35 296
22 11 424
718 822 946
540 275 536
834 577 371
777 610 356
420 157 202
445 92 939
589 844 351
387 690 889
818 314 241
107 436 696
486 309 224
534 763 793
626 210 621
705 737 130
189 161 596
112 392 154
451 167 387
754 445 783
76 545 423
178 575 32
341 464 376
796 544 183
253 829 322
202 406 85
744 681 939
145 387 497
689 699 289
246 496 876
333 846 654
447 252 190
590 347 522
216 172 322
631 795 666
809 604 847
305 70 602
202 646 132
164 578 492
315 293 160
689 559 346
535 242 301
248 7 937
729 451 306
121 136 788
563 111 215
170 509 312
85 823 307
484 94 38
690 590 169
552 18 490
651 618 451
39 714 414
75 571 254
148 666 921
759 149 332
147 168 873
187 760 835
414 710 206
486 65 334
185 17 634
840 96 13
287 123 925
340 526 316
408 388 320
495 400 622
360 312 854
308 689 139
202 488 203
421 561 8
65 184 800
422 66 861
643 140 250
171 355 132
516 266 639
218 133 306
251 226 473
471 843 912
476 467 164
248 643 89
574 439 246
68 407 192
579 519 21
736 849 829
106 452 475
508 623 383
506 385 18
241 830 3
821 520 944
245 762 201
55 702 478
438 313 849
731 237 779
182 111 886
141 490 314
52 220 363
261 683 538
143 595 757
272 9 426
308 684 438
402 734 375
150 594 328
599 412 11
75 365 362
748 264 153
497 379 647
659 118 89
638 236 384
849 51 371
26 228 682
203 829 378
609 543 386
284 59 100
441 345 622
820 511 404
327 650 506
678 97 134
707 644 478
156 94 496
515 817 80
451 470 160
714 450 435
813 652 601
7 395 707
134 98 167
702 229 771
571 720 720
186 357 591
852 81 49
46 417 661
619 599 416
843 256 779
386 606 837
737 720 475
2 848 114
637 299 599
790 64 802
241 750 55
472 663 716
552 809 425
817 784 924
698 705 755
409 622 876
40 431 656
132 349 412
364 616 169
8 577 997
195 167 303
440 433 235
479 633 732
726 72 939
361 468 155
166 300 456
396 392 248
715 689 254
275 849 752
341 183 281
736 179 712
210 596 224
332 420 356
575 162 988
778 485 207
116 394 304
181 710 807
694 9 668
58 460 796
92 69 535
92 20 524
444 216 273
265 752 469
763 557 777
580 588 305
802 186 798
570 493 872
619 353 80
329 463 686
702 17 782
265 293 86
382 293 71
661 664 211
572 469 548
288 168 853
817 47 818
319 749 721
49 216 703
456 580 24
545 305 781
315 729 387
336 483 825
793 830 146
638 213 78
805 85 417
400 407 587
819 505 782
564 476 413
512 20 483
834 21 405
737 269 376
315 548 120
816 124 833
474 757 885
222 190 808
845 789 403
471 168 379
497 402 972
432 28 472
584 751 606
824 134 486
146 496 903
309 35 890
820 454 134
584 463 992
571 85 471
502 414 969
634 521 838
3 440 99
91 802 676
424 713 93
762 433 119
519 526 486
92 68 970
797 508 107
274 30 760
300 60 577
593 519 536
411 308 742
283 785 577
636 205 757
701 802 670
612 169 732
607 371 317
335 246 916
812 450 960
133 470 578
628 252 366
549 190 623
225 136 380
8 323 679
65 827 999
443 742 451
776 89 467
407 803 196
787 134 198
484 364 434
692 672 930
79 375 706
595 834 292
237 653 723
419 724 564
733 380 629
428 687 182
137 519 112
185 112 26
399 310 41
551 1 411
519 267 603
740 262 706
403 801 661
579 798 545
571 617 569
106 432 984
346 255 513
839 446 722
465 671 964
43 359 478
443 770 962
727 720 55
95 757 452
655 268 439
782 548 267
381 207 515
362 441 413
535 811 19
676 97 103
324 407 886
11 608 641
809 729 441
679 672 162
526 637 65
585 333 889
168 525 7
76 382 104
328 764 277
569 700 770
479 839 162
61 707 371
183 282 651
625 747 472
380 843 42
734 559 554
209 33 532
723 671 793
732 627 517
488 219 803
170 301 895
310 44 441
821 620 153
709 519 270
590 400 873
750 96 220
50 532 253
409 640 809
347 342 718
326 384 652
145 80 614
5 62 651
814 588 732
525 337 901
90 88 848
567 701 837
583 492 889
439 263 425
439 316 675
578 29 729
489 493 647
610 574 351
474 30 361
749 144 602
790 328 442
686 223 782
697 53 156
593 25 93
770 829 580
614 768 874
402 805 636
840 313 769
15 407 481
587 53 172
322 11 791
11 152 826
418 65 344
716 201 550
503 395 37
15 338 888
267 846 810
835 71 316
764 777 46
492 82 171
339 53 412
435 377 195
143 59 362
735 671 567
801 84 811
231 753 686
624 203 612
386 769 238
200 773 391
311 563 828
644 794 555
774 583 801
479 824 229
455 498 528
589 627 263
26 61 955
602 681 464
269 692 835
548 226 539
543 309 437
103 58 775
281 107 296
233 824 268
747 355 283
223 104 603
372 255 687
550 846 866
10 405 879
66 687 292
505 776 259
262 245 722
445 713 694
22 98 849
143 329 563
291 732 739
835 728 885
202 638 629
342 48 786
650 555 34
729 757 369
839 750 862
1 690 263
746 356 842
545 379 193
6 123 581
237 97 718
840 607 457
170 52 77
100 320 784
287 673 802
1 36 739
736 769 589
667 651 83
30 753 445
298 402 998
439 597 221
227 124 724
733 483 717
342 720 212
847 27 735
700 26 171
286 541 159
264 94 159
138 83 531
121 765 333
266 530 292
845 637 948
99 77 618
322 474 108
740 779 204
49 221 728
490 76 650
234 739 73
487 760 496
427 222 107
323 190 254
505 375 233
712 147 563
159 346 134
350 683 271
118 783 161
12 196 587
365 404 576
596 230 32
332 144 484
84 545 516
477 685 248
783 485 755
139 155 450
66 517 240
144 190 557
21 148 393
816 269 454
66 135 891
541 471 669
701 802 858
720 721 411
578 322 926
546 717 334
57 65 446
255 248 104
475 756 587
288 530 316
162 820 426
75 818 75
106 737 16
10 589 666
829 532 349
1 593 963
480 777 375
281 465 436
77 728 854
62 715 346
746 639 214
95 821 787
63 154 67
530 754 729
534 320 969
662 619 695
491 370 196
601 370 917
382 256 155
753 758 408
182 424 679
549 714 70
525 670 401
610 782 132
287 620 152
382 630 628
171 549 542
740 770 230
674 15 970
618 397 405
594 769 419
67 318 873
776 738 900
585 740 122
165 728 692
115 357 479
700 630 596
390 439 293
247 767 678
194 358 361
655 360 688
290 639 387
410 46 397
44 75 808
437 449 558
729 625 673
412 486 366
742 495 65
783 39 589
135 75 605
735 26 548
714 268 285
38 611 305
427 326 318
721 545 526
302 638 602
774 600 156
442 128 494
223 631 931
158 323 10
126 441 731
737 46 77
265 788 913
846 217 27
230 636 221
393 283 708
715 575 945
419 393 924
38 572 604
369 529 471
312 170 280
157 442 325
519 435 859
70 71 785
195 268 984
65 136 57
704 464 477
463 12 305
668 745 336
132 694 227
690 355 34
443 442 935
827 445 158
689 103 297
614 388 120
217 283 990
501 420 132
159 756 747
696 509 485
466 368 910
596 785 325
668 290 805
65 807 468
841 771 806
434 147 531
577 197 17
82 628 821
19 138 320
177 116 559
368 436 371
392 837 576
556 442 40
545 484 23
670 619 966
823 368 80
636 523 878
141 513 335
244 829 93
263 168 588
546 796 689
793 109 746
100 349 409
708 767 66
712 765 295
629 786 253
272 703 70
727 44 636
597 709 50
24 525 276
660 151 244
507 833 234
132 211 676
312 655 247
163 121 978
401 196 271
298 752 845
157 175 712
447 582 535
72 617 324
420 439 200
415 469 761
703 620 453
749 638 674
27 139 984
324 136 311
62 58 804
768 402 465
823 575 903
679 279 589
100 162 21
350 36 848
599 642 221
475 324 93
656 606 216
294 565 108
851 600 20
317 477 587
852 76 56
678 255 169
531 460 887
515 152 666
101 125 542
767 849 607
31 668 386
323 345 289
809 89 145
588 597 839
526 65 740
632 554 308
125 220 527
130 516 555
182 849 942
1 244 982
840 267 357
830 725 157
556 101 139
443 179 481
699 111 694
726 630 502
571 766 582
561 441 222
345 714 84
604 602 180
216 490 433
723 798 157
798 65 500
350 487 653
423 327 904
250 26 883
653 289 738
405 148 447
737 307 622
333 265 551
197 346 398
679 549 712
22 652 395
153 563 778
301 342 180
159 613 997
103 258 888
36 103 495
320 815 639
342 210 994
173 466 928
716 700 828
620 426 399
630 146 38
384 416 369
558 611 996
666 113 866
260 190 111
254 409 325
698 660 844
65 14 15
814 261 641
600 736 289
429 800 957
250 440 674
241 573 653
348 441 428
556 136 828
283 24 726
24 88 387
842 606 407
440 292 29
764 186 842
596 659 320
682 715 689
828 529 472
299 37 250
488 398 468
284 533 766
267 38 451
390 451 972
588 19 691
12 638 621
519 478 106
779 443 297
286 765 789
175 487 467
160 86 970
774 209 271
765 51 647
726 578 997
610 40 399
357 484 258
315 291 330
638 48 158
795 609 490
460 454 204
795 441 660
561 197 285
839 505 743
373 842 209
714 788 725
749 626 622
584 380 722
14 760 588
719 458 642
564 416 913
20 838 432
333 9 600
311 44 228
470 681 304
783 284 506
659 605 187
5 385 112
41 531 163
219 462 592
783 714 705
416 627 796
844 374 48
104 387 620
406 205 339
391 796 666
316 281 188
242 729 564
563 99 904
161 824 211
324 628 144
166 803 481
840 579 533
274 413 470
77 494 491
823 599 951
509 644 601
502 269 768
456 575 435
746 629 114
78 745 301
432 437 32
717 811 197
755 829 128
485 169 125
409 554 198
715 52 106
251 405 79
367 654 808
471 276 712
441 318 194
679 126 343
768 766 281
619 806 765
633 376 261
754 108 596
736 426 317
808 418 903
563 253 662
274 269 514
251 232 647
3 252 402
445 447 784
212 361 481
71 538 610
644 100 660
299 411 360
298 461 9
140 463 413
477 599 142
800 780 51
374 599 955
540 708 420
562 703 753
735 205 307
50 493 809
571 844 883
105 214 449
210 566 698
390 410 107
139 395 572
543 390 876
692 205 357
829 592 731
342 12 15
186 43 202
659 437 496
211 799 58
56 300 807
53 339 240
605 669 985
415 390 461
201 613 568
712 434 221
335 330 343
72 83 200
118 222 915
552 592 893
524 340 783
437 769 894
219 623 780
109 652 247
576 619 772
535 41 131
459 58 9
519 178 748
794 628 374
579 794 409
591 718 710
826 438 697
769 398 192
296 750 111
87 700 185
746 824 904
848 516 675
508 134 144
539 110 737
315 429 335
473 296 393
338 726 751
459 576 974
774 11 837
475 392 622
184 375 495
799 784 355
297 495 261
10 428 245
818 571 106
9 119 715
368 27 564
76 515 698
116 234 642
521 833 974
540 378 347
8 55 16
86 494 123
7 293 216
541 532 125
478 825 193
11 698 18
472 303 553
512 660 69
194 58 722
430 706 110
768 385 704
111 852 911
711 283 723
497 393 742
527 434 595
464 569 198
816 77 617
442 188 960
203 57 879
570 828 693
258 756 154
156 730 846
419 458 776
11 141 964
95 560 929
105 778 256
10 508 102
787 244 146
612 160 67
698 139 920
513 375 304
103 619 331
703 98 53
455 201 546
37 207 506
712 493 19
19 158 80
490 124 559
677 494 524
846 765 782
762 322 884
313 631 301
30 775 769
838 341 834
302 836 703
48 76 353
811 260 153
267 262 717
67 669 394
717 295 495
744 213 779
466 244 939
770 116 960
98 23 575
795 459 205
332 252 809
79 382 23
162 135 225
15 411 394
846 335 866
55 375 636
494 632 357
508 514 949
383 168 8
342 142 740
559 468 293
445 796 446
151 135 86
571 517 777
430 29 811
730 509 127
231 514 212
389 472 914
379 448 175
258 52 684
49 313 831
66 50 595
356 151 240
229 849 76
714 598 282
603 126 682
721 704 403
122 721 845
828 723 575
628 446 865
88 103 197
107 286 402
205 263 203
215 62 145
464 583 100
545 49 712
231 563 291
787 479 664
180 420 844
409 288 72
534 764 788
659 83 137
754 234 501
8 236 400
202 116 781
503 304 970
340 838 339
234 505 231
369 315 753
401 346 540
331 289 676
421 783 662
464 605 994
348 372 305
818 292 434
49 468 880
472 789 357
852 90 779
731 651 874
769 263 678
94 196 142
368 636 394
42 608 653
675 418 934
79 804 633
793 354 315
494 580 400
750 817 256
726 407 949
740 593 1000
257 683 822
473 89 627
704 594 641
119 376 850
353 293 304
669 700 574
743 368 531
498 302 953
490 592 717
405 537 372
656 676 158
849 822 208
239 622 915
735 631 171
615 487 33
486 717 907
487 591 523
168 463 15
685 481 661
457 624 308
403 399 352
824 838 606
15 762 300
294 640 325
150 390 833
815 733 982
385 487 799
2 483 630
268 35 457
641 471 944
63 683 916
178 836 365
819 474 906
336 800 240
840 333 998
839 652 321
722 57 957
294 544 505
536 194 918
769 308 866
370 238 892
434 669 936
274 66 835
358 501 616
690 491 585
311 436 545
684 510 451
1 694 780
411 171 955
334 278 539
584 711 937
424 303 122
553 509 407
62 634 283
136 43 770
201 319 36
615 659 569
460 197 915
440 661 430
721 361 448
84 643 46
82 501 17
134 460 856
339 313 875
322 241 685
823 113 829
763 516 388
476 3 596
256 700 845
679 437 306
146 619 696
760 582 838
240 184 768
468 771 811
87 44 185
442 325 968
487 614 571
618 434 452
152 189 514
313 132 764
793 302 868
7 271 14
793 270 34
222 698 383
666 264 258
681 442 590
668 749 564
656 282 99
836 386 939
52 631 451
700 264 616
635 694 392
410 128 269
198 407 8
316 76 598
162 160 587
31 668 718
177 376 736
850 40 274
612 295 45
255 481 542
617 733 630
381 276 13
253 132 580
355 584 593
353 846 732
220 526 501
363 378 914
295 766 165
610 756 501
10 132 722
61 576 404
503 594 467
850 176 447
175 459 833
337 135 949
762 329 730
416 428 250
38 397 894
7 641 982
216 72 3
739 44 85
242 402 395
538 314 276
347 113 953
16 8 572
233 627 71
735 133 173
372 589 241
683 288 479
789 68 247
134 540 506
143 508 144
217 486 598
620 835 700
840 730 542
409 610 897
819 678 627
247 633 63
384 213 973
215 188 239
50 568 961
415 36 354
577 102 265
35 277 2
785 359 867
539 665 265
663 407 82
39 308 266
386 525 50
176 194 652
501 205 98
645 305 147
45 402 257
176 242 933
363 102 140
216 476 466
685 660 618
720 61 225
589 184 364
439 713 321
643 663 444
399 477 743
724 127 733
486 239 773
438 67 576
721 127 790
394 361 588
210 727 520
462 733 681
409 61 56
701 413 12
687 387 775
428 176 754
123 645 94
814 633 928
77 585 778
400 37 448
280 415 392
676 506 565
372 1 514
6 426 982
6 525 186
784 613 820
662 618 617
155 130 551
118 229 885
257 150 732
438 635 153
571 410 331
792 98 889
613 346 387
185 786 173
714 776 323
754 156 788
719 570 225
465 165 161
479 685 36
283 599 348
559 550 127
270 411 641
707 842 458
811 409 728
134 278 734
8 142 71
368 840 468
402 238 34
307 550 637
601 50 57
123 43 662
795 620 138
394 458 957
663 658 885
496 57 825
166 752 503
465 5 616
238 403 435
664 205 996
750 359 172
209 324 805
851 215 706
585 521 562
459 80 66
468 826 869
322 780 46
522 220 25
250 520 778
703 43 904
181 150 321
141 270 902
252 693 508
432 614 102
778 628 232
121 13 461
194 84 279
818 186 6
362 98 530
728 178 887
17 165 768
748 696 520
287 842 978
292 486 800
839 495 569
851 153 90
847 798 478
178 728 44
793 790 939
60 362 107
439 127 340
836 518 27
456 227 563
589 536 745
712 559 35
830 14 572
780 192 56
327 702 84
206 145 319
551 518 545
453 409 703
193 517 429
847 88 723
531 129 492
19 533 590
514 298 990
458 806 227
523 461 745
690 299 508
131 202 524
581 757 740
194 746 140
605 657 123
172 337 689
444 525 724
778 73 476
806 443 501
276 487 88
642 120 4
62 815 952
580 338 93
664 708 261
289 290 85
343 251 18
624 586 360
616 437 679
714 450 332
195 410 846
568 814 31
169 729 649
630 170 521
311 488 157
591 434 121
175 498 144
285 490 281
227 45 918
775 807 748
123 136 689
236 348 745
10 806 258
646 321 207
10 635 362
482 632 322
135 410 552
369 131 882
227 691 807
403 782 940
616 747 778
594 329 679
405 474 170
788 663 831
566 587 168
415 356 103
761 398 333
276 52 411
704 568 932
384 497 313
576 211 896
778 749 357
601 560 726
177 167 142
701 336 62
445 389 318
411 324 480
264 739 206
562 36 691
753 6 509
672 646 80
160 341 823
656 826 259
431 423 600
26 417 23
59 758 147
174 720 106
791 676 808
540 231 612
518 494 800
182 421 132
760 201 649
532 168 179
524 161 595
271 438 2
475 788 581
798 150 605
476 354 929
728 844 970
287 828 13
325 216 605
300 340 493
434 717 166
391 509 116
353 30 851
41 103 524
341 312 182
253 845 158
760 163 724
851 728 181
806 735 781
691 575 202
560 33 22
818 139 199
846 404 129
495 298 357
729 582 166
388 688 147
272 469 882
364 692 868
642 276 419
636 100 879
317 184 800
273 304 398
447 177 84
236 245 61
281 463 632
44 713 286
523 355 248
682 193 249
152 296 848
74 350 786
494 24 296
851 547 201
570 320 318
769 228 334
598 697 645
375 838 964
420 112 415
453 572 278
32 431 231
814 10 648
3 801 969
242 789 137
343 118 108
745 182 896
496 368 314
737 551 14
269 789 602
435 408 409
583 262 25
142 77 773
287 699 893
345 191 709
261 851 992
849 564 735
607 293 985
600 494 730
744 745 900
801 46 604
462 466 160
259 714 906
740 634 500
845 834 940
796 132 445
643 428 10
695 81 598
676 401 384
69 256 755
577 453 559
434 86 224
123 419 567
46 726 6
469 436 337
184 730 419
841 98 632
132 220 241
186 96 652
440 658 543
135 848 678
423 800 431
400 600 518
88 408 873
272 497 96
721 220 349
662 319 513
331 99 805
339 352 787
615 315 303
667 711 341
195 170 789
781 131 189
456 258 209
593 684 290
171 534 702
427 241 992
242 482 143
716 600 655
35 758 453
436 157 974
199 322 997
852 708 93
489 166 650
636 487 127
544 426 507
761 90 681
396 204 176
303 717 369
586 490 114
106 563 676
358 645 795
153 825 950
151 199 624
813 107 589
488 342 742
117 382 258
232 212 380
567 163 310
755 141 601
199 99 55
819 647 452
260 151 269
725 34 880
87 219 318
60 125 983
211 325 550
511 505 392
501 466 527
394 789 84
735 849 398
393 366 256
475 537 188
398 496 155
480 27 434
161 737 509
522 77 824
736 411 583
832 662 725
613 633 739
608 174 580
594 114 452
581 398 862
328 476 795
852 817 426
750 443 281
581 147 562
301 355 851
97 107 699
538 604 619
331 785 802
669 401 567
473 839 930
279 846 772
126 91 335
64 369 550
143 321 779
697 381 747
392 141 796
176 649 446
33 636 554
813 617 550
196 848 571
518 654 380
441 137 820
836 332 579
669 81 406
541 792 463
130 313 614
311 258 41
330 581 403
753 430 994
221 407 37
56 659 834
360 427 159
779 248 504
601 776 456
157 354 540
267 808 261
85 654 939
176 579 172
711 583 785
449 326 951
198 404 799
149 29 569
209 41 415
814 687 265
266 193 197
40 174 951
507 524 802
413 241 809
71 831 810
440 319 391
146 350 600
422 779 746
472 30 386
306 779 464
11 530 120
182 192 698
151 129 360
507 632 525
793 544 795
449 358 779
359 595 759
594 511 822
761 431 729
474 554 107
279 38 580
387 471 473
773 774 291
795 847 659
687 559 369
662 588 28
180 834 373
455 153 925
104 105 604
136 462 892
817 531 89
310 107 141
559 598 233
821 483 394
410 28 348
64 57 483
176 206 274
635 185 50
129 583 761
787 78 507
531 58 773
503 84 910
760 751 934
241 545 130
334 538 158
786 318 31
177 726 571
726 519 198
646 673 923
277 255 842
59 297 875
191 55 248
186 62 91
666 561 612
798 790 426
358 714 611
702 205 674
852 554 21
751 324 771
174 620 715
684 410 174
281 824 643
169 60 841
835 604 640
91 848 105
97 840 565
451 463 319
23 53 370
462 28 900
815 259 39
259 394 330
23 755 730
630 92 345
670 169 864
229 745 419
805 600 451
425 609 330
75 650 443
667 351 575
534 593 350
281 696 656
429 728 956
189 522 844
359 119 612
626 700 894
804 783 646
514 16 732
796 348 580
372 431 584
581 58 555
314 703 116
716 474 742
398 555 818
208 629 979
69 73 537
265 294 783
69 574 122
375 453 814
107 622 577
333 47 627
50 49 349
251 586 4
788 178 723
251 492 838
783 433 468
731 330 853
570 421 961
839 95 951
13 136 132
596 406 625
832 90 839
648 421 553
295 276 495
368 121 977
769 391 582
523 820 599
704 550 717
226 7 269
121 301 322
358 795 390
481 563 547
266 468 266
390 490 639
412 304 270
302 508 625
771 306 339
416 211 907
752 748 428
24 598 973
610 843 662
630 700 764
659 403 454
524 339 608
361 467 793
64 767 486
346 796 77
48 163 471
46 679 870
740 837 288
49 850 111
232 170 300
104 376 35
560 16 533
355 452 573
374 547 424
593 484 274
820 778 4
673 579 454
803 388 480
437 316 561
757 143 471
284 401 507
244 852 314
626 189 1
337 750 378
172 458 782
664 206 799
483 556 352
10 365 432
94 164 77
726 319 800
513 599 23
108 838 487
705 47 977
746 58 855
660 605 699
199 69 949
295 99 803
83 716 505
610 418 337
830 403 718
664 222 917
323 173 388
767 419 376
616 797 748
133 500 684
283 618 465
351 373 935
424 184 648
413 224 528
833 578 36
561 37 373
827 588 539
432 340 868
596 450 281
500 819 503
265 660 325
23 552 994
52 223 199
14 764 521
574 665 659
684 740 624
57 173 151
301 320 912
177 185 748
575 271 55
380 760 36
202 847 509
269 519 747
381 297 591
482 850 58
627 286 557
791 553 734
705 518 533
467 237 670
35 670 514
579 497 606
88 350 108
277 430 613
360 61 510
762 140 236
256 113 151
441 174 849
549 265 420
515 210 129
455 664 586
57 389 108
263 639 41
14 671 771
811 819 204
421 700 544
664 390 657
495 52 699
264 14 255
344 430 20
100 515 433
788 276 625
218 307 920
238 32 66
357 355 507
603 522 180
427 66 365
405 230 238
40 124 849
147 841 474
851 187 109
141 293 370
711 146 247
480 331 631
249 163 677
360 686 108
287 71 793
231 244 69
546 513 412
581 344 110
611 838 888
761 220 578
164 823 443
232 525 495
323 510 462
212 495 588
516 211 843
770 258 6
723 744 938
271 512 916
435 668 987
154 635 393
343 329 751
398 344 291
518 823 61
817 92 573
547 604 72
767 355 117
317 478 350
598 773 395
338 818 586
367 720 914
644 793 391
159 52 720
206 850 890
459 290 86
669 380 264
279 280 389
184 395 522
118 754 448
517 795 270
816 564 24
450 830 98
806 404 799
385 216 67
64 717 928
278 343 523
712 463 262
680 205 691
619 575 664
390 699 375
94 266 674
756 314 209
347 775 174
242 310 483
450 512 478
507 374 675
133 294 923
174 83 940
381 274 300
785 491 954
58 565 643
462 808 641
575 687 207
16 276 247
160 413 62
482 372 193
545 746 934
688 282 51
118 234 463
72 565 263
231 459 868
650 372 792
834 136 442
608 88 25
267 770 503
270 235 13
373 416 391
462 150 637
694 241 703
835 644 551
353 718 690
226 638 731
615 821 830
571 627 617
630 732 573
527 1 536
603 341 480
805 579 26
95 343 427
846 512 416
276 722 122
531 319 937
732 107 868
617 455 457
606 789 311
835 227 682
539 503 564
676 682 605
847 212 163
636 410 191
836 85 408
108 476 921
96 42 401
785 311 672
570 501 240
498 845 994
180 266 449
444 96 392
285 48 147
153 517 769
433 89 974
293 633 254
342 469 52
768 476 395
90 346 120
17 660 83
729 17 357
233 640 994
556 71 509
376 395 831
775 42 7
72 94 892
184 827 69
629 152 382
536 234 396
436 589 52
498 44 642
630 2 881
599 719 270
792 275 596
151 423 450
830 11 90
693 678 761
761 66 432
514 115 9
256 210 527
129 277 957
131 394 959
504 61 228
287 714 323
65 370 641
173 441 162
515 476 82
129 473 575
111 211 977
521 526 768
360 436 816
319 134 915
74 292 26
92 681 218
678 420 968
461 328 749
174 19 44
547 675 34
500 759 952
535 146 99
757 187 294
677 728 300
449 614 981
232 801 836
364 264 127
833 849 648
382 126 849
798 814 179
458 518 228
220 569 674
38 132 728
795 703 584
316 427 542
48 108 508
689 107 978
446 450 932
315 573 849
28 359 493
462 559 665
176 275 226
333 651 894
747 321 556
783 810 380
113 162 431
1 656 63
770 432 507
139 191 807
432 592 281
207 720 961
188 307 402
29 524 888
302 611 772
68 49 593
422 775 882
588 631 591
277 441 129
519 585 64
709 756 712
199 235 372
205 605 281
310 333 827
119 680 912
101 131 248
218 376 305
186 423 648
1 20 1000
501 251 411
741 557 549
640 315 440
575 458 70
162 649 367
444 389 554
103 839 105
829 173 528
509 139 796
431 715 603
834 307 945
787 130 135
739 847 509
801 74 814
260 65 424
202 676 130
843 93 795
565 725 780
409 696 995
367 840 768
745 672 547
77 506 443
741 410 794
795 462 204
841 664 76
530 439 11
260 813 805
760 410 327
352 296 183
467 830 456
103 750 16
215 258 352
318 846 680
660 744 522
268 467 285
735 666 250
380 458 168
26 270 352
124 447 648
48 55 671
842 17 765
672 747 54
466 105 310
420 517 767
69 313 321
285 168 629
317 235 603
742 143 530
523 317 616
409 52 756
776 331 515
747 413 196
779 754 48
636 329 725
789 437 89
628 340 304
205 599 945
496 623 173
828 287 256
519 651 604
360 512 901
774 76 660
72 761 245
377 461 431
205 290 325
474 321 22
429 786 690
317 39 978
631 57 364
84 167 913
723 20 62
520 178 61
288 828 942
657 465 939
740 97 804
241 507 202
743 75 409
583 234 204
329 290 568
322 614 600
206 409 983
703 202 460
249 342 392
62 423 871
410 626 242
605 806 277
151 803 89
416 156 212
628 411 125
414 739 46
518 15 110
360 671 544
559 325 565
848 489 242
224 244 459
744 20 253
346 101 823
256 676 825
506 353 996
488 638 666
25 368 321
787 355 267
23 769 255
276 248 162
473 707 170
89 249 53
8 6 374
810 140 291
122 181 3
465 792 330
156 349 550
162 27 217
787 560 372
171 59 858
836 188 929
372 20 36
167 467 436
165 393 657
596 738 299
836 481 354
5 611 663
557 419 352
583 543 633
827 404 591
460 777 86
203 755 407
254 405 892
614 386 780
419 561 433
138 825 82
137 261 604
431 698 84
126 542 341
763 496 489
407 284 600
612 707 196
513 215 492
610 786 589
433 366 233
132 457 488
4 593 359
554 415 119
463 528 937
38 410 45
233 556 137
392 319 658
430 168 186
231 270 499
327 75 417
43 199 32
804 692 559
758 216 422
469 13 791
239 229 650
288 459 24
148 108 534
35 375 855
711 189 945
36 59 439
279 310 816
426 210 130
344 369 424
414 822 673
726 173 545
700 784 293
852 736 342
619 519 706
74 468 409
509 63 203
627 272 962
347 186 690
217 266 831
654 365 674
357 85 18
762 705 556
147 673 706
501 846 778
236 287 485
663 388 804
503 396 811
248 742 307
616 596 487
160 202 627
827 112 228
611 357 896
333 459 441
27 126 727
96 613 148
417 197 258
731 241 337
410 25 757
445 137 167
528 492 515
624 796 829
504 198 425
421 17 742
19 823 515
439 649 270
233 543 143
619 661 697
159 207 75
503 290 46
460 315 291
375 32 511
803 824 578
552 660 709
20 143 13
753 297 303
85 356 407
470 120 250
98 799 573
246 627 451
445 341 313
824 644 764
520 835 759
333 766 252
842 732 611
820 425 986
768 513 181
623 715 852
325 51 829
747 538 842
363 559 782
216 395 833
186 301 81
427 373 985
569 672 746
150 358 487
557 388 134
329 103 220
403 313 124
150 3 298
338 666 730
768 12 445
740 159 639
836 234 679
835 62 799
388 127 258
192 780 266
781 122 216
29 624 845
399 164 486
698 683 184
743 307 103
709 736 230
573 720 319
8 441 338
844 472 53
19 167 933
739 685 533
257 365 352
162 491 472
455 222 456
531 381 413
646 280 682
734 255 11
734 4 99
168 393 284
513 486 325
212 471 380
683 663 731
577 108 150
601 438 832
834 169 833
54 629 576
327 277 68
482 822 685
647 667 776
39 610 789
495 328 684
561 172 115
659 22 746
825 482 522
390 433 972
340 457 558
29 798 782
219 370 111
827 797 272
798 715 496
523 361 432
252 193 296
524 79 55
774 347 371
792 93 552
44 411 952
491 391 17
757 462 422
816 738 469
604 99 562
761 12 904
72 186 189
60 517 337
286 261 614
826 371 755
418 665 242
120 693 239
410 44 524
791 242 994
611 1 87
199 200 361
848 845 382
694 778 632
695 94 748
675 608 974
341 38 136
41 722 941
582 104 948
742 824 234
228 245 442
446 769 154
683 310 345
290 342 230
464 794 341
774 438 937
825 395 976
773 80 440
27 556 32
767 195 633
309 308 81
449 734 837
754 821 444
176 589 751
516 148 342
690 234 324
697 712 196
755 194 273
53 427 129
128 242 374
787 190 824
845 304 90
596 832 768
217 435 117
18 383 151
301 817 338
763 41 137
222 758 689
406 124 85
566 806 166
597 72 672
436 341 981
46 841 89
832 837 549
740 573 657
737 733 594
364 138 148
722 622 583
325 733 188
245 141 352
743 461 384
243 758 344
579 654 699
420 367 454
619 647 959
20 538 551
786 779 229
710 766 284
754 778 478
119 32 213
48 816 368
167 690 562
729 800 109
502 8 917
138 356 673
128 380 173
589 397 754
461 608 580
697 564 94
643 781 900
488 847 1000
233 203 830
571 731 500
530 345 160
211 567 282
251 255 673
663 694 664
67 824 721
386 808 181
110 176 103
41 401 620
82 439 620
239 721 680
41 713 139
183 768 91
20 608 870
572 513 525
308 734 929
835 418 399
53 29 820
171 236 493
109 2 582
824 657 974
579 118 773
625 388 548
585 486 107
698 496 579
65 76 427
232 352 107
633 257 571
550 58 908
160 8 766
412 628 323
142 789 432
384 93 611
70 170 323
654 717 703
607 767 671
698 416 33
785 40 23
803 657 717
310 601 763
96 168 703
716 791 431
446 392 234
184 692 274
363 473 720
825 228 114
464 167 853
163 810 74
123 741 44
545 144 409
422 459 554
810 412 33
809 567 438
660 206 576
48 535 153
121 698 948
332 420 43
103 327 993
729 134 555
832 291 183
234 741 806
701 657 576
616 742 163
730 126 265
705 438 560
820 50 495
422 722 905
350 446 16
777 845 887
248 610 466
582 504 967
64 836 690
427 379 767
87 720 528
153 727 802
16 204 424
542 471 836
166 278 174
740 465 56
632 641 883
700 271 580
295 301 562
260 471 342
711 362 125
168 174 799
352 459 722
816 518 570
300 268 378
704 527 281
73 627 777
585 33 20
388 278 833
120 158 775
93 204 355
511 591 735
717 445 540
293 254 490
561 472 893
503 261 75
288 406 839
83 564 687
263 756 350
148 46 416
216 131 322
785 717 386
75 712 163
153 192 328
584 29 615
503 164 81
471 418 233
478 675 613
572 776 370
483 439 909
655 530 256
825 124 22
565 280 794
100 233 60
157 106 362
78 630 370
748 590 716
302 118 298
723 783 284
88 786 233
626 800 678
396 747 342
223 190 736
622 338 524
752 174 76
273 249 177
712 281 566
340 403 770
532 503 1000
370 752 773
714 839 879
773 367 851
372 620 636
472 45 350
90 745 974
845 375 105
331 595 16
15 270 299
233 71 555
387 684 890
77 810 281
367 68 185
14 662 116
85 807 737
160 830 256
580 466 332
194 189 808
840 345 76
446 354 38
247 794 225
145 479 198
584 803 206
144 64 36
765 427 617
43 692 788
852 46 244
737 81 972
497 712 968
430 514 590
399 591 383
32 94 24
621 383 77
490 843 239
381 495 757
176 735 7
107 38 899
211 277 312
572 242 863
151 638 203
449 141 866
74 667 658
714 462 653
573 74 504
347 366 336
276 483 866
571 583 726
487 350 683
834 112 298
767 524 214
120 305 516
556 781 231
688 223 412
753 130 214
110 157 214
305 776 153
165 237 732
18 774 926
23 91 329
308 417 546
94 201 451
561 221 597
89 686 235
173 850 697
761 242 956
33 802 299
770 273 1000
649 59 195
815 90 475
208 410 811
726 148 379
617 237 315
680 163 338
18 826 87
167 722 30
580 829 271
810 23 205
822 645 652
215 594 873
53 170 528
524 127 318
666 57 340
564 547 711
680 146 103
119 273 523
466 807 653
851 754 685
560 474 666
632 804 140
818 448 563
124 315 238
33 692 369
749 534 669
806 444 174
202 461 138
456 394 730
523 136 486
442 54 290
661 62 675
339 312 113
345 133 773
368 170 358
116 836 71
679 15 186
696 799 628
303 723 645
22 667 436
178 345 139
761 250 111
803 201 441
537 58 794
576 330 444
78 404 894
557 267 357
718 111 183
25 416 422
595 669 818
328 817 289
699 420 3
660 483 385
759 671 79
708 169 607
319 795 860
245 452 189
442 70 999
833 436 876
526 372 782
703 468 562
750 103 700
95 403 625
291 508 14
793 560 743
82 717 483
554 312 823
493 401 370
661 506 913
571 120 472
703 248 300
21 650 379
34 550 162
599 227 930
299 737 234
716 733 11
705 596 316
43 615 900
843 833 327
367 28 297
619 378 170
370 161 243
762 110 508
721 515 335
55 4 92
111 615 810
54 584 802
45 683 617
577 654 202
459 2 828
119 49 12
223 538 907
844 48 343
441 101 554
357 839 482
316 490 271
124 300 984
141 613 71
687 623 732
102 229 562
670 717 829
267 310 400
372 146 61
485 332 661
16 25 404
651 763 163
44 819 281
559 214 195
58 570 237
450 122 694
407 677 981
87 268 255
769 549 72
82 451 288
321 420 655
384 46 131
176 627 218
365 783 452
311 805 343
312 158 282
475 702 67
256 813 594
123 403 38
499 279 973
519 346 541
552 691 30
418 534 196
663 756 409
116 382 516
847 661 315
341 5 91
510 103 740
469 109 357
428 842 54
380 665 28
98 825 27
775 831 314
574 759 493
2 842 259
365 691 668
230 647 896
723 515 818
431 176 958
809 787 830
256 726 293
513 239 900
382 626 252
628 250 994
687 178 516
370 511 193
86 381 560
24 105 629
391 225 473
61 93 97
596 113 66
578 499 7
339 322 364
292 729 528
95 161 498
511 525 849
832 724 838
734 124 687
743 646 368
306 742 487
777 202 262
839 280 533
457 98 116
287 438 505
469 524 5
130 789 774
487 688 863
436 56 931
381 750 199
107 661 886
58 759 27
632 538 539
8 25 465
787 518 918
185 268 954
324 511 226
613 83 113
472 81 176
7 54 342
770 845 123
54 15 741
20 435 974
802 715 738
487 204 448
332 543 841
127 513 497
214 233 731
752 531 698
511 55 95
500 476 834
798 166 386
481 705 191
520 711 402
663 86 607
825 371 364
400 149 938
807 653 530
366 453 731
585 20 944
362 194 386
808 57 229
235 520 290
640 587 541
294 197 13
713 611 55
515 213 233
613 816 193
363 90 764
435 848 124
7 571 947
610 710 355
799 492 355
6 327 590
552 835 974
845 654 58
819 133 994
385 128 617
5 456 632
71 845 50
678 218 875
197 810 894
558 170 734
23 288 188
592 707 701
137 488 207
11 98 43
483 792 940
381 57 176
703 720 790
415 545 657
117 175 67
186 2 496
270 44 871
137 154 533
295 435 884
135 696 131
760 616 537
549 25 297
133 708 561
764 482 997
625 548 652
331 416 447
72 129 597
423 503 291
391 368 173
261 413 646
556 848 269
76 204 731
125 180 752
130 91 458
250 46 619
654 490 573
232 581 933
706 655 791
64 767 184
480 105 5
807 225 168
35 719 374
214 105 850
829 96 176
325 352 574
279 621 113
420 423 439
526 657 15
840 181 893
226 402 545
52 448 991
479 89 285
712 664 99
460 470 298
68 105 707
287 758 48
782 836 356
237 747 682
686 551 756
755 430 454
175 300 919
247 419 832
341 249 688
681 206 359
815 653 123
762 490 522
791 326 776
304 258 167
846 388 528
700 60 999
67 269 736
287 745 841
403 694 918
447 768 858
612 438 964
161 523 565
306 395 338
788 246 393
703 554 668
713 488 102
82 174 849
312 105 921
99 647 868
214 150 243
409 449 538
443 487 250
267 430 985
425 196 460
222 656 606
805 807 514
203 529 28
