942
521 636
13 432
28 930
166 527
423 470
399 537
582 222
325 692
2 11
483 41
841 85
103 407
766 680
562 496
601 621
85 336
96 38
162 73
663 548
191 376
64 473
225 35
843 539
86 273
290 536
667 74
933 423
455 716
140 61
66 329
334 688
540 347
776 12
619 292
811 222
629 361
53 92
267 600
379 159
835 529
290 87
557 855
271 309
68 23
428 791
304 723
177 47
609 221
225 324
710 747
475 842
837 622
577 230
1 480
85 98
11 71
31 317
745 713
25 192
337 833
739 454
136 128
56 80
229 383
607 71
281 108
338 331
270 97
861 740
219 886
873 494
200 86
458 307
598 548
269 844
286 865
310 782
364 219
242 163
659 660
145 178
195 246
215 303
533 821
425 485
327 4
568 411
16 35
13 41
95 257
628 812
758 678
214 192
143 373
24 159
908 834
488 722
7 5
119 45
5 42
31 26
180 495
727 670
9 267
51 545
445 237
77 386
227 87
557 135
129 100
236 575
213 576
489 427
430 405
869 104
392 765
86 10
5 455
665 746
311 878
706 96
149 248
26 33
265 415
434 691
28 6
556 214
45 59
137 702
153 107
176 612
604 425
443 412
418 12
555 173
146 323
408 201
23 725
926 332
198 161
168 121
296 381
488 258
125 512
674 785
714 147
74 767
14 21
422 154
648 299
2 117
180 272
54 348
20 201
486 379
900 691
917 525
538 257
300 895
576 750
402 400
849 675
676 877
174 100
298 535
165 363
64 137
11 13
106 120
48 4
53 516
120 158
306 344
13 15
126 173
520 424
78 163
637 46
741 450
15 38
114 42
377 726
335 279
703 106
75 623
693 597
46 55
52 342
828 84
138 3
477 465
77 384
30 588
186 116
393 605
497 550
206 220
259 263
77 493
36 77
559 436
151 67
135 72
897 882
91 675
43 60
72 63
551 244
787 839
570 112
777 735
731 815
196 39
854 318
874 120
108 237
459 328
72 426
768 377
430 903
255 927
7 149
504 278
174 319
131 191
459 752
13 656
845 884
548 378
302 170
613 622
853 69
332 12
243 114
197 8
715 822
669 198
245 824
487 280
422 794
323 518
307 315
152 451
261 214
554 539
185 70
715 325
916 637
549 69
2 14
8 411
94 655
216 88
40 26
2 3
564 168
447 756
933 934
374 121
231 864
265 657
401 341
826 561
329 413
52 66
779 182
489 887
249 400
885 902
469 382
403 284
216 827
351 242
28 74
729 423
32 82
611 615
597 493
136 142
58 48
856 424
7 69
295 103
931 478
16 3
395 434
716 772
410 238
49 356
44 284
572 22
515 508
718 342
64 110
716 810
12 143
576 798
339 223
29 464
202 18
313 343
163 277
278 237
915 42
310 618
425 197
395 905
50 134
261 523
935 388
792 413
271 334
321 120
14 37
276 220
277 511
3 20
574 462
181 369
440 328
6 2
63 41
649 109
316 89
734 105
233 155
735 656
206 385
2 1
163 448
252 120
187 528
342 589
154 165
305 296
565 780
24 47
199 249
372 180
695 797
24 571
932 193
25 27
719 657
553 624
272 695
586 784
92 195
184 361
840 30
114 632
43 116
30 43
314 172
191 241
118 292
851 804
342 365
349 155
91 494
820 81
213 328
294 664
260 138
206 130
11 54
696 109
646 297
409 158
46 164
573 274
642 898
94 594
183 566
402 882
630 90
222 96
289 367
175 215
21 466
34 9
250 90
524 285
289 58
814 562
774 672
584 586
454 182
67 53
298 509
894 515
346 380
296 614
133 82
80 929
81 15
183 207
164 210
244 337
10 223
717 384
770 188
297 237
362 890
72 236
246 439
124 306
88 47
2 4
182 120
45 25
802 552
212 77
800 177
928 882
33 650
271 340
312 641
292 595
538 764
345 689
417 127
318 165
596 416
52 31
610 441
711 804
437 43
380 653
652 585
630 684
93 301
121 109
542 204
78 68
170 724
583 357
599 587
26 36
145 68
862 456
431 146
232 217
85 55
78 371
527 591
44 808
638 549
447 246
369 592
863 72
53 21
868 68
172 631
10 3
69 172
581 192
267 391
173 711
124 81
5 8
625 535
533 161
31 228
247 286
47 118
30 872
146 80
230 397
7 259
287 257
269 195
492 388
726 733
110 123
117 416
428 21
184 484
359 436
644 818
859 265
10 626
12 24
459 796
178 188
256 441
333 254
9 472
459 790
120 883
398 185
105 345
940 795
64 62
24 84
359 278
809 90
254 720
43 97
44 788
112 77
558 836
871 522
14 150
721 860
534 341
48 203
736 36
287 419
26 16
913 591
25 3
150 805
50 51
2 647
80 906
112 175
732 322
313 601
852 324
240 817
610 698
530 606
699 285
161 51
918 563
142 147
249 893
507 66
4 30
114 265
211 98
479 314
111 87
845 155
410 508
526 271
621 850
910 587
465 491
49 326
404 255
671 48
560 151
113 62
404 531
65 25
89 239
200 251
900 923
414 236
584 590
425 707
425 465
370 334
700 622
311 388
77 375
249 584
617 507
911 711
292 787
187 28
503 445
58 258
474 436
266 222
746 899
485 633
337 744
541 31
920 66
463 769
120 141
133 360
134 331
709 128
657 806
478 420
54 362
378 304
3 156
151 690
506 407
627 37
393 47
176 13
645 345
288 69
769 830
587 274
737 170
544 426
20 29
171 93
205 192
360 710
279 277
224 213
196 914
841 891
685 268
14 18
444 579
901 184
46 62
143 255
27 103
530 146
939 732
102 17
282 29
922 819
832 119
217 73
674 351
460 496
154 16
389 475
686 858
142 264
857 212
218 114
109 160
120 125
367 429
892 422
109 12
137 444
793 565
65 941
743 74
341 47
387 168
21 107
272 300
91 312
442 260
302 936
233 256
46 61
183 25
208 394
216 761
670 623
938 189
280 389
274 138
539 513
424 639
212 262
377 45
219 517
682 606
5 50
22 10
308 115
451 866
79 406
165 213
97 253
392 324
106 268
298 56
740 21
460 351
512 608
336 924
529 71
105 611
281 299
305 803
704 18
712 675
322 64
240 668
424 182
210 847
377 813
467 370
755 683
937 134
357 738
26 101
195 280
99 78
254 30
565 799
773 117
382 781
260 450
275 36
141 271
23 7
217 453
662 404
140 519
783 422
438 437
16 132
406 721
327 368
563 509
427 393
245 194
39 28
708 279
518 679
896 471
189 143
194 174
354 56
66 786
491 501
453 677
540 640
177 190
27 139
46 240
217 879
185 405
89 754
602 507
180 8
363 713
232 522
124 155
113 208
451 462
825 253
110 603
76 54
172 244
116 449
654 568
17 461
673 21
246 686
117 694
452 215
100 234
179 166
457 74
330 111
67 193
24 75
340 757
762 43
294 105
352 128
666 447
328 751
126 124
587 909
32 8
682 749
389 423
41 128
399 885
62 728
81 421
348 468
215 226
6 44
578 116
748 224
94 131
680 823
25 500
888 440
55 235
377 620
907 880
452 701
925 344
412 476
43 382
67 108
308 569
224 311
105 76
18 681
77 170
446 381
838 516
91 84
521 219
514 490
87 42
603 870
567 112
778 88
510 413
80 122
56 199
396 324
10 209
481 300
652 742
64 463
244 293
643 94
49 30
807 692
593 125
482 254
104 19
64 94
763 234
502 344
13 46
180 731
753 311
300 665
466 912
58 546
385 904
38 100
270 834
210 307
634 342
215 553
624 672
388 661
59 358
214 238
644 276
651 323
166 141
310 816
520 819
283 875
81 221
186 547
552 79
12 5
366 333
697 705
452 543
513 64
357 308
79 55
795 739
106 9
296 57
41 683
533 616
87 169
525 209
304 90
313 35
237 880
229 166
200 490
435 659
231 187
89 3
33 90
127 635
471 374
70 320
70 20
658 450
109 230
889 37
412 389
291 105
456 417
43 585
115 58
144 45
310 122
182 353
73 47
358 775
739 876
560 919
37 157
565 407
127 59
16 846
4 19
921 577
122 505
23 325
247 199
399 2
553 760
283 558
536 831
532 256
17 4
36 57
24 152
498 339
676 660
3 5
355 78
346 39
76 95
382 789
18 130
771 548
848 409
133 829
